1 35
2 4
3 17
4 97
5 28
6 46
7 0
8 43
9 86
10 15
11 55
12 33
13 0
14 72
15 50
16 69
17 92
18 98
19 5
20 96
21 87
22 16
23 95
24 62
25 69
26 36
27 58
28 22
29 60
30 63
31 21
32 44
33 89
34 25
35 71
36 71
37 31
38 28
39 78
40 54
41 73
42 59
43 44
44 25
45 34
46 10
47 92
48 91
49 14
50 20
51 23
52 72
53 49
54 93
55 66
56 15
57 71
58 81
59 40
60 84
61 27
62 83
63 61
64 35
65 88
66 47
67 3
68 33
69 82
70 40
71 1
72 40
73 40
74 90
75 82
76 98
77 70
78 70
79 72
80 39
81 22
82 72
83 79
84 63
85 67
86 71
87 71
88 11
89 12
90 49
91 54
92 7
93 16
94 53
95 53
96 1
97 88
98 88
99 54
100 36
101 3
102 78
103 73
104 98
105 75
106 71
107 75
108 9
109 89
110 82
111 11
112 84
113 51
114 38
115 41
116 53
117 97
118 84
119 51
120 41
121 49
122 12
123 84
124 71
125 38
126 87
127 27
128 53
129 12
130 98
131 63
132 2
133 30
134 36
135 69
136 48
137 10
138 50
139 59
140 63
141 31
142 78
143 16
144 55
145 16
146 59
147 18
148 90
149 2
150 34
151 66
152 74
153 98
154 87
155 44
156 80
157 61
158 96
159 92
160 95
161 77
162 67
163 64
164 70
165 3
166 2
167 40
168 6
169 62
170 33
171 8
172 10
173 93
174 40
175 86
176 65
177 56
178 61
179 76
180 42
181 55
182 97
183 16
184 44
185 94
186 18
187 1
188 66
189 17
190 51
191 70
192 63
193 63
194 70
195 14
196 56
197 85
198 72
199 44
200 77
201 4
202 81
203 64
204 74
205 50
206 76
207 48
208 65
209 12
210 9
211 74
212 76
213 66
214 55
215 80
216 56
217 73
218 88
219 16
220 28
221 36
222 74
223 37
224 90
225 97
226 33
227 42
228 54
229 95
230 1
231 96
232 75
233 57
234 30
235 0
236 96
237 0
238 21
239 20
240 17
241 25
242 87
243 30
244 64
245 33
246 51
247 80
248 23
249 70
250 50
251 15
252 93
253 1
254 46
255 97
256 93
257 65
258 22
259 25
260 45
261 81
262 66
263 51
264 70
265 7
266 42
267 95
268 9
269 35
270 62
271 95
272 98
273 59
274 98
275 8
276 8
277 22
278 71
279 77
280 15
281 57
282 89
283 83
284 3
285 39
286 45
287 82
288 91
289 47
290 59
291 92
292 45
293 1
294 64
295 6
296 59
297 50
298 72
299 46
300 41
301 42
302 87
303 47
304 25
305 53
306 95
307 31
308 3
309 67
310 49
311 87
312 52
313 95
314 8
315 86
316 21
317 23
318 12
319 72
320 40
321 84
322 66
323 46
324 69
325 47
326 27
327 27
328 60
329 58
330 70
331 98
332 29
333 14
334 62
335 74
336 12
337 94
338 31
339 21
340 10
341 98
342 3
343 19
344 6
345 17
346 32
347 14
348 76
349 8
350 37
351 44
352 99
353 59
354 24
355 18
356 25
357 78
358 68
359 10
360 31
361 73
362 98
363 1
364 77
365 9
366 27
367 51
368 36
369 16
370 40
371 61
372 61
373 96
374 85
375 45
376 34
377 31
378 50
379 48
380 14
381 93
382 71
383 45
384 21
385 12
386 70
387 40
388 31
389 88
390 50
391 49
392 20
393 28
394 82
395 95
396 26
397 10
398 26
399 22
400 51
401 23
402 41
403 83
404 96
405 67
406 66
407 88
408 38
409 50
410 66
411 61
412 93
413 97
414 63
415 90
416 63
417 76
418 11
419 47
420 56
421 97
422 81
423 53
424 29
425 82
426 81
427 13
428 50
429 29
430 57
431 2
432 6
433 43
434 63
435 82
436 6
437 46
438 43
439 42
440 49
441 51
442 90
443 31
444 87
445 77
446 23
447 83
448 29
449 40
450 61
451 6
452 91
453 61
454 28
455 63
456 17
457 99
458 82
459 15
460 83
461 22
462 40
463 22
464 0
465 96
466 0
467 56
468 26
469 23
470 68
471 15
472 31
473 53
474 46
475 89
476 26
477 55
478 12
479 67
480 33
481 32
482 14
483 60
484 34
485 20
486 66
487 13
488 12
489 30
490 27
491 46
492 66
493 41
494 27
495 80
496 57
497 0
498 89
499 67
500 28
501 0
502 5
503 87
504 16
505 25
506 5
507 89
508 56
509 77
510 51
511 94
512 86
513 37
514 26
515 11
516 16
517 54
518 45
519 9
520 65
521 42
522 57
523 16
524 22
525 1
526 20
527 32
528 31
529 88
530 13
531 30
532 59
533 62
534 13
535 12
536 61
537 12
538 44
539 1
540 25
541 1
542 62
543 27
544 14
545 28
546 40
547 17
548 39
549 79
550 83
551 29
552 13
553 50
554 83
555 11
556 53
557 78
558 23
559 2
560 28
561 64
562 31
563 27
564 90
565 84
566 51
567 26
568 35
569 95
570 35
571 32
572 95
573 2
574 26
575 58
576 93
577 32
578 19
579 17
580 40
581 62
582 87
583 55
584 79
585 94
586 86
587 21
588 61
589 29
590 20
591 14
592 62
593 73
594 29
595 44
596 2
597 57
598 7
599 96
600 21
601 70
602 47
603 68
604 75
605 8
606 76
607 59
608 18
609 13
610 14
611 86
612 90
613 55
614 95
615 27
616 90
617 29
618 37
619 96
620 5
621 42
622 70
623 56
624 29
625 4
626 97
627 36
628 84
629 39
630 60
631 80
632 52
633 54
634 88
635 50
636 86
637 55
638 7
639 54
640 88
641 87
642 59
643 8
644 8
645 69
646 44
647 21
648 26
649 39
650 42
651 37
652 65
653 0
654 37
655 61
656 9
657 8
658 38
659 16
660 69
661 37
662 57
663 21
664 69
665 13
666 60
667 59
668 44
669 75
670 12
671 16
672 20
673 57
674 80
675 76
676 2
677 54
678 67
679 52
680 84
681 89
682 20
683 90
684 45
685 85
686 34
687 22
688 95
689 57
690 89
691 66
692 82
693 3
694 19
695 65
696 2
697 21
698 44
699 44
700 72
701 4
702 46
703 89
704 93
705 77
706 39
707 19
708 37
709 24
710 9
711 6
712 81
713 83
714 94
715 91
716 98
717 93
718 8
719 25
720 39
721 7
722 79
723 75
724 28
725 68
726 77
727 1
728 82
729 41
730 10
731 64
732 39
733 11
734 17
735 40
736 6
737 36
738 1
739 56
740 31
741 87
742 72
743 91
744 67
745 65
746 15
747 13
748 70
749 84
750 27
751 6
752 37
753 7
754 6
755 7
756 89
757 88
758 23
759 28
760 68
761 25
762 54
763 54
764 15
765 64
766 93
767 25
768 73
769 72
770 24
771 65
772 65
773 18
774 84
775 19
776 77
777 32
778 10
779 55
780 78
781 51
782 18
783 44
784 22
785 18
786 40
787 84
788 59
789 26
790 93
791 44
792 11
793 53
794 52
795 26
796 61
797 7
798 41
799 93
800 31
801 6
802 72
803 91
804 33
805 46
806 93
807 6
808 97
809 80
810 53
811 45
812 7
813 20
814 8
815 64
816 97
817 64
818 51
819 3
820 97
821 55
822 75
823 67
824 32
825 79
826 48
827 84
828 40
829 74
830 93
831 7
832 85
833 7
834 58
835 67
836 4
837 66
838 85
839 6
840 62
841 73
842 61
843 74
844 32
845 65
846 4
847 75
848 85
849 6
850 62
851 71
852 6
853 81
854 40
855 73
856 34
857 20
858 65
859 70
860 54
861 19
862 31
863 87
864 69
865 78
866 11
867 67
868 17
869 84
870 27
871 61
872 73
873 30
874 19
875 53
876 68
877 60
878 89
879 32
880 2
881 40
882 29
883 73
884 39
885 99
886 97
887 66
888 30
889 58
890 36
891 34
892 99
893 77
894 98
895 92
896 35
897 68
898 64
899 82
900 96
901 79
902 40
903 80
904 48
905 50
906 24
907 94
908 43
909 45
910 52
911 17
912 64
913 26
914 42
915 56
916 28
917 70
918 72
919 63
920 6
921 67
922 65
923 28
924 60
925 44
926 38
927 8
928 68
929 6
930 72
931 20
932 95
933 94
934 87
935 47
936 85
937 52
938 58
939 19
940 99
941 28
942 35
943 54
944 11
945 30
946 55
947 44
948 40
949 21
950 23
951 19
952 2
953 77
954 10
955 25
956 15
957 92
958 60
959 78
960 27
961 66
962 50
963 31
964 63
965 49
966 97
967 45
968 66
969 43
970 85
971 91
972 11
973 0
974 7
975 40
976 60
977 5
978 38
979 79
980 54
981 76
982 60
983 62
984 16
985 47
986 97
987 68
988 74
989 98
990 21
991 45
992 3
993 53
994 42
995 62
996 37
997 84
998 6
999 14
1000 69
1001 11
1002 73
1003 70
1004 39
1005 88
1006 68
1007 9
1008 78
1009 86
1010 54
1011 79
1012 71
1013 7
1014 11
1015 61
1016 46
1017 75
1018 50
1019 31
1020 40
1021 2
1022 43
1023 29
1024 17
1025 15
1026 9
1027 26
1028 61
1029 22
1030 26
1031 27
1032 20
1033 45
1034 42
1035 98
1036 99
1037 20
1038 71
1039 15
1040 89
1041 17
1042 67
1043 31
1044 36
1045 11
1046 97
1047 21
1048 38
1049 23
1050 49
1051 23
1052 94
1053 95
1054 48
1055 21
1056 27
1057 79
1058 47
1059 11
1060 26
1061 58
1062 40
1063 97
1064 60
1065 75
1066 32
1067 3
1068 65
1069 24
1070 73
1071 42
1072 97
1073 0
1074 65
1075 1
1076 2
1077 11
1078 41
1079 93
1080 75
1081 82
1082 22
1083 2
1084 7
1085 23
1086 22
1087 7
1088 70
1089 13
1090 25
1091 99
1092 36
1093 77
1094 19
1095 3
1096 40
1097 42
1098 7
1099 33
1100 90
1101 49
1102 11
1103 41
1104 38
1105 66
1106 15
1107 77
1108 2
1109 87
1110 1
1111 23
1112 84
1113 44
1114 47
1115 21
1116 75
1117 24
1118 1
1119 18
1120 26
1121 13
1122 54
1123 20
1124 5
1125 91
1126 70
1127 45
1128 44
1129 91
1130 70
1131 15
1132 54
1133 11
1134 98
1135 88
1136 58
1137 78
1138 44
1139 26
1140 58
1141 25
1142 22
1143 13
1144 66
1145 9
1146 90
1147 97
1148 82
1149 86
1150 86
1151 98
1152 8
1153 17
1154 75
1155 28
1156 71
1157 6
1158 98
1159 25
1160 32
1161 89
1162 13
1163 31
1164 40
1165 65
1166 56
1167 73
1168 14
1169 55
1170 36
1171 88
1172 8
1173 99
1174 21
1175 13
1176 57
1177 21
1178 62
1179 8
1180 84
1181 29
1182 77
1183 7
1184 74
1185 35
1186 75
1187 2
1188 39
1189 12
1190 7
1191 49
1192 12
1193 67
1194 89
1195 32
1196 30
1197 0
1198 57
1199 5
1200 0
1201 21
1202 67
1203 87
1204 65
1205 66
1206 90
1207 40
1208 12
1209 18
1210 8
1211 8
1212 21
1213 16
1214 41
1215 39
1216 67
1217 22
1218 31
1219 71
1220 47
1221 93
1222 13
1223 54
1224 35
1225 90
1226 11
1227 66
1228 30
1229 60
1230 5
1231 51
1232 1
1233 76
1234 54
1235 68
1236 93
1237 2
1238 33
1239 20
1240 7
1241 13
1242 12
1243 79
1244 51
1245 86
1246 93
1247 74
1248 80
1249 52
1250 70
1251 63
1252 60
1253 76
1254 94
1255 68
1256 14
1257 48
1258 69
1259 36
1260 18
1261 93
1262 34
1263 97
1264 67
1265 2
1266 35
1267 65
1268 12
1269 47
1270 16
1271 50
1272 80
1273 2
1274 33
1275 93
1276 16
1277 9
1278 14
1279 48
1280 46
1281 40
1282 65
1283 86
1284 88
1285 88
1286 51
1287 84
1288 72
1289 75
1290 80
1291 82
1292 19
1293 16
1294 31
1295 28
1296 13
1297 79
1298 70
1299 83
1300 31
1301 88
1302 51
1303 92
1304 81
1305 95
1306 65
1307 9
1308 23
1309 78
1310 88
1311 51
1312 49
1313 75
1314 48
1315 24
1316 25
1317 48
1318 9
1319 63
1320 11
1321 93
1322 61
1323 91
1324 1
1325 20
1326 88
1327 45
1328 53
1329 43
1330 74
1331 17
1332 98
1333 58
1334 5
1335 93
1336 60
1337 67
1338 21
1339 97
1340 57
1341 9
1342 59
1343 52
1344 66
1345 79
1346 51
1347 66
1348 21
1349 87
1350 32
1351 69
1352 6
1353 78
1354 24
1355 24
1356 0
1357 83
1358 77
1359 95
1360 44
1361 53
1362 63
1363 87
1364 84
1365 65
1366 26
1367 21
1368 75
1369 43
1370 43
1371 76
1372 16
1373 81
1374 27
1375 43
1376 29
1377 0
1378 73
1379 54
1380 68
1381 78
1382 68
1383 17
1384 28
1385 55
1386 99
1387 77
1388 68
1389 22
1390 52
1391 35
1392 66
1393 95
1394 39
1395 3
1396 85
1397 44
1398 3
1399 33
1400 21
1401 2
1402 36
1403 88
1404 76
1405 89
1406 53
1407 15
1408 17
1409 18
1410 69
1411 63
1412 24
1413 12
1414 19
1415 56
1416 87
1417 16
1418 80
1419 61
1420 47
1421 59
1422 69
1423 15
1424 23
1425 4
1426 90
1427 52
1428 55
1429 36
1430 48
1431 69
1432 92
1433 9
1434 25
1435 91
1436 71
1437 33
1438 3
1439 54
1440 66
1441 86
1442 67
1443 97
1444 51
1445 78
1446 31
1447 69
1448 6
1449 60
1450 98
1451 11
1452 69
1453 22
1454 40
1455 88
1456 71
1457 15
1458 20
1459 13
1460 57
1461 85
1462 99
1463 66
1464 61
1465 68
1466 46
1467 80
1468 9
1469 25
1470 5
1471 65
1472 14
1473 88
1474 7
1475 18
1476 83
1477 87
1478 17
1479 9
1480 13
1481 65
1482 17
1483 17
1484 75
1485 64
1486 9
1487 46
1488 69
1489 36
1490 98
1491 95
1492 44
1493 74
1494 53
1495 1
1496 90
1497 3
1498 49
1499 29
1500 5
1501 20
1502 41
1503 18
1504 59
1505 29
1506 9
1507 97
1508 20
1509 4
1510 99
1511 42
1512 60
1513 81
1514 57
1515 81
1516 70
1517 10
1518 49
1519 81
1520 52
1521 46
1522 41
1523 99
1524 66
1525 71
1526 24
1527 55
1528 63
1529 66
1530 35
1531 63
1532 42
1533 78
1534 58
1535 24
1536 52
1537 47
1538 64
1539 88
1540 43
1541 17
1542 78
1543 38
1544 75
1545 44
1546 42
1547 99
1548 89
1549 25
1550 88
1551 70
1552 40
1553 23
1554 16
1555 7
1556 97
1557 6
1558 23
1559 8
1560 41
1561 64
1562 16
1563 52
1564 61
1565 47
1566 3
1567 27
1568 10
1569 46
1570 46
1571 30
1572 57
1573 28
1574 24
1575 67
1576 26
1577 22
1578 67
1579 69
1580 4
1581 17
1582 60
1583 85
1584 57
1585 91
1586 66
1587 98
1588 90
1589 80
1590 62
1591 54
1592 47
1593 20
1594 98
1595 30
1596 67
1597 71
1598 90
1599 33
1600 55
1601 63
1602 55
1603 75
1604 60
1605 66
1606 2
1607 30
1608 18
1609 83
1610 2
1611 24
1612 39
1613 49
1614 80
1615 26
1616 89
1617 94
1618 66
1619 81
1620 59
1621 84
1622 90
1623 41
1624 75
1625 47
1626 92
1627 41
1628 69
1629 23
1630 85
1631 56
1632 80
1633 49
1634 86
1635 33
1636 33
1637 25
1638 7
1639 15
1640 17
1641 90
1642 8
1643 86
1644 25
1645 93
1646 43
1647 85
1648 57
1649 96
1650 1
1651 64
1652 82
1653 59
1654 45
1655 40
1656 22
1657 57
1658 49
1659 6
1660 37
1661 66
1662 20
1663 86
1664 33
1665 87
1666 13
1667 55
1668 59
1669 34
1670 42
1671 73
1672 89
1673 13
1674 88
1675 50
1676 71
1677 99
1678 52
1679 30
1680 19
1681 5
1682 65
1683 40
1684 32
1685 67
1686 39
1687 33
1688 44
1689 92
1690 15
1691 22
1692 92
1693 34
1694 28
1695 94
1696 39
1697 23
1698 11
1699 28
1700 62
1701 43
1702 4
1703 23
1704 76
1705 78
1706 56
1707 91
1708 61
1709 89
1710 62
1711 14
1712 97
1713 24
1714 96
1715 97
1716 30
1717 0
1718 63
1719 35
1720 41
1721 79
1722 22
1723 78
1724 15
1725 43
1726 9
1727 50
1728 32
1729 34
1730 91
1731 3
1732 80
1733 38
1734 7
1735 84
1736 90
1737 33
1738 36
1739 98
1740 82
1741 80
1742 64
1743 10
1744 30
1745 22
1746 25
1747 63
1748 24
1749 1
1750 14
1751 30
1752 66
1753 10
1754 92
1755 98
1756 83
1757 23
1758 15
1759 73
1760 24
1761 8
1762 73
1763 50
1764 52
1765 84
1766 27
1767 25
1768 30
1769 41
1770 84
1771 28
1772 67
1773 30
1774 75
1775 75
1776 48
1777 37
1778 52
1779 65
1780 0
1781 20
1782 60
1783 42
1784 54
1785 48
1786 75
1787 17
1788 30
1789 78
1790 63
1791 1
1792 89
1793 62
1794 68
1795 25
1796 37
1797 87
1798 66
1799 43
1800 34
1801 98
1802 34
1803 89
1804 73
1805 10
1806 72
1807 30
1808 78
1809 96
1810 57
1811 19
1812 3
1813 92
1814 15
1815 21
1816 84
1817 57
1818 7
1819 70
1820 35
1821 69
1822 76
1823 92
1824 85
1825 73
1826 0
1827 81
1828 59
1829 84
1830 50
1831 74
1832 43
1833 74
1834 68
1835 48
1836 77
1837 97
1838 37
1839 75
1840 64
1841 70
1842 20
1843 40
1844 99
1845 37
1846 46
1847 66
1848 59
1849 58
1850 94
1851 15
1852 30
1853 22
1854 40
1855 46
1856 85
1857 46
1858 47
1859 83
1860 70
1861 60
1862 47
1863 15
1864 98
1865 87
1866 19
1867 63
1868 0
1869 1
1870 33
1871 21
1872 25
1873 43
1874 78
1875 87
1876 50
1877 88
1878 7
1879 62
1880 17
1881 11
1882 23
1883 73
1884 39
1885 63
1886 95
1887 50
1888 46
1889 96
1890 0
1891 71
1892 43
1893 88
1894 9
1895 79
1896 65
1897 90
1898 87
1899 40
1900 59
1901 4
1902 5
1903 51
1904 28
1905 13
1906 5
1907 20
1908 23
1909 47
1910 92
1911 48
1912 59
1913 19
1914 93
1915 4
1916 34
1917 76
1918 46
1919 55
1920 96
1921 61
1922 64
1923 25
1924 94
1925 89
1926 45
1927 79
1928 73
1929 92
1930 88
1931 14
1932 33
1933 37
1934 5
1935 7
1936 93
1937 19
1938 10
1939 92
1940 14
1941 57
1942 19
1943 8
1944 11
1945 56
1946 82
1947 97
1948 30
1949 88
1950 5
1951 71
1952 51
1953 41
1954 63
1955 72
1956 18
1957 30
1958 8
1959 25
1960 91
1961 0
1962 27
1963 59
1964 68
1965 74
1966 41
1967 97
1968 14
1969 86
1970 70
1971 60
1972 9
1973 9
1974 36
1975 88
1976 9
1977 29
1978 21
1979 91
1980 86
1981 74
1982 46
1983 89
1984 51
1985 57
1986 89
1987 11
1988 59
1989 31
1990 22
1991 60
1992 20
1993 87
1994 94
1995 15
1996 99
1997 52
1998 54
1999 34
2000 18
2001 3
2002 82
2003 27
2004 61
2005 64
2006 51
2007 38
2008 98
2009 53
2010 14
2011 21
2012 48
2013 96
2014 99
2015 32
2016 24
2017 38
2018 62
2019 63
2020 4
2021 12
2022 19
2023 6
2024 12
2025 87
2026 85
2027 52
2028 98
2029 20
2030 15
2031 92
2032 34
2033 20
2034 40
2035 1
2036 94
2037 12
2038 89
2039 76
2040 75
2041 58
2042 63
2043 83
2044 8
2045 57
2046 61
2047 25
2048 78
2049 37
2050 27
2051 46
2052 97
2053 50
2054 13
2055 52
2056 20
2057 11
2058 52
2059 45
2060 46
2061 8
2062 53
2063 97
2064 1
2065 72
2066 39
2067 86
2068 33
2069 47
2070 73
2071 84
2072 42
2073 22
2074 34
2075 37
2076 86
2077 88
2078 30
2079 93
2080 14
2081 61
2082 61
2083 77
2084 84
2085 78
2086 89
2087 51
2088 65
2089 90
2090 72
2091 89
2092 36
2093 24
2094 6
2095 31
2096 92
2097 31
2098 3
2099 94
2100 60
2101 65
2102 33
2103 21
2104 87
2105 22
2106 41
2107 17
2108 51
2109 53
2110 73
2111 86
2112 65
2113 39
2114 23
2115 0
2116 78
2117 93
2118 25
2119 51
2120 33
2121 45
2122 44
2123 22
2124 89
2125 73
2126 90
2127 71
2128 64
2129 78
2130 40
2131 86
2132 94
2133 0
2134 32
2135 63
2136 96
2137 19
2138 51
2139 82
2140 44
2141 88
2142 11
2143 24
2144 58
2145 3
2146 13
2147 32
2148 54
2149 98
2150 37
2151 52
2152 92
2153 78
2154 15
2155 89
2156 13
2157 9
2158 8
2159 49
2160 39
2161 4
2162 16
2163 33
2164 94
2165 67
2166 28
2167 75
2168 86
2169 62
2170 23
2171 83
2172 52
2173 55
2174 31
2175 70
2176 7
2177 7
2178 66
2179 45
2180 63
2181 69
2182 45
2183 79
2184 44
2185 90
2186 20
2187 24
2188 66
2189 0
2190 66
2191 36
2192 0
2193 31
2194 62
2195 3
2196 91
2197 47
2198 51
2199 98
2200 57
2201 16
2202 65
2203 61
2204 83
2205 26
2206 25
2207 32
2208 24
2209 58
2210 67
2211 59
2212 78
2213 41
2214 66
2215 93
2216 88
2217 27
2218 62
2219 51
2220 62
2221 26
2222 32
2223 53
2224 24
2225 66
2226 2
2227 80
2228 39
2229 86
2230 14
2231 67
2232 83
2233 23
2234 21
2235 61
2236 85
2237 97
2238 51
2239 79
2240 61
2241 78
2242 91
2243 76
2244 57
2245 28
2246 38
2247 15
2248 21
2249 44
2250 0
2251 23
2252 90
2253 2
2254 2
2255 7
2256 29
2257 71
2258 5
2259 94
2260 99
2261 23
2262 37
2263 52
2264 15
2265 77
2266 75
2267 81
2268 78
2269 14
2270 22
2271 93
2272 72
2273 96
2274 69
2275 27
2276 40
2277 57
2278 58
2279 80
2280 55
2281 3
2282 82
2283 77
2284 65
2285 24
2286 9
2287 49
2288 51
2289 65
2290 63
2291 94
2292 44
2293 42
2294 13
2295 26
2296 13
2297 33
2298 95
2299 40
2300 15
2301 38
2302 18
2303 43
2304 2
2305 52
2306 80
2307 46
2308 61
2309 38
2310 55
2311 20
2312 66
2313 84
2314 81
2315 13
2316 2
2317 36
2318 40
2319 61
2320 48
2321 49
2322 94
2323 28
2324 82
2325 50
2326 80
2327 53
2328 7
2329 37
2330 81
2331 74
2332 70
2333 23
2334 24
2335 76
2336 2
2337 43
2338 66
2339 74
2340 97
2341 51
2342 82
2343 64
2344 60
2345 36
2346 73
2347 5
2348 12
2349 33
2350 92
2351 67
2352 25
2353 52
2354 72
2355 60
2356 21
2357 79
2358 34
2359 10
2360 80
2361 79
2362 58
2363 53
2364 48
2365 31
2366 93
2367 50
2368 70
2369 76
2370 71
2371 85
2372 28
2373 63
2374 33
2375 70
2376 71
2377 39
2378 34
2379 32
2380 27
2381 75
2382 46
2383 66
2384 87
2385 8
2386 81
2387 11
2388 41
2389 16
2390 57
2391 24
2392 74
2393 78
2394 84
2395 28
2396 20
2397 62
2398 30
2399 73
2400 12
2401 61
2402 9
2403 34
2404 34
2405 65
2406 93
2407 75
2408 81
2409 0
2410 59
2411 35
2412 48
2413 40
2414 63
2415 95
2416 13
2417 54
2418 87
2419 16
2420 99
2421 49
2422 75
2423 39
2424 21
2425 85
2426 79
2427 0
2428 88
2429 12
2430 13
2431 79
2432 31
2433 18
2434 54
2435 37
2436 12
2437 41
2438 99
2439 79
2440 65
2441 70
2442 14
2443 98
2444 21
2445 91
2446 15
2447 9
2448 61
2449 56
2450 49
2451 19
2452 66
2453 52
2454 38
2455 10
2456 7
2457 12
2458 93
2459 14
2460 64
2461 58
2462 18
2463 26
2464 44
2465 20
2466 55
2467 67
2468 15
2469 55
2470 39
2471 45
2472 64
2473 90
2474 0
2475 58
2476 32
2477 70
2478 30
2479 0
2480 92
2481 55
2482 44
2483 81
2484 73
2485 84
2486 26
2487 16
2488 50
2489 92
2490 84
2491 80
2492 89
2493 67
2494 95
2495 18
2496 21
2497 48
2498 79
2499 85
2500 24
2501 65
2502 72
2503 30
2504 75
2505 52
2506 59
2507 32
2508 32
2509 28
2510 72
2511 23
2512 24
2513 46
2514 18
2515 23
2516 95
2517 14
2518 84
2519 5
2520 9
2521 55
2522 28
2523 16
2524 62
2525 30
2526 46
2527 56
2528 46
2529 82
2530 73
2531 84
2532 36
2533 67
2534 65
2535 39
2536 76
2537 0
2538 88
2539 81
2540 86
2541 60
2542 37
2543 63
2544 5
2545 73
2546 68
2547 84
2548 58
2549 79
2550 74
2551 59
2552 17
2553 36
2554 59
2555 18
2556 7
2557 19
2558 42
2559 3
2560 8
2561 14
2562 58
2563 75
2564 85
2565 56
2566 69
2567 3
2568 71
2569 45
2570 93
2571 87
2572 46
2573 85
2574 79
2575 16
2576 19
2577 55
2578 43
2579 16
2580 63
2581 56
2582 57
2583 84
2584 39
2585 6
2586 20
2587 55
2588 54
2589 72
2590 59
2591 92
2592 17
2593 79
2594 43
2595 77
2596 80
2597 19
2598 10
2599 84
2600 59
2601 5
2602 56
2603 62
2604 51
2605 38
2606 61
2607 3
2608 10
2609 39
2610 72
2611 92
2612 46
2613 68
2614 1
2615 30
2616 57
2617 25
2618 56
2619 91
2620 55
2621 1
2622 40
2623 39
2624 40
2625 22
2626 67
2627 51
2628 78
2629 46
2630 6
2631 3
2632 27
2633 78
2634 33
2635 79
2636 46
2637 93
2638 31
2639 1
2640 35
2641 65
2642 20
2643 46
2644 54
2645 11
2646 14
2647 28
2648 73
2649 25
2650 16
2651 23
2652 14
2653 27
2654 87
2655 98
2656 66
2657 84
2658 63
2659 46
2660 69
2661 74
2662 15
2663 94
2664 79
2665 32
2666 78
2667 30
2668 37
2669 6
2670 19
2671 6
2672 39
2673 74
2674 61
2675 36
2676 54
2677 3
2678 95
2679 60
2680 47
2681 15
2682 95
2683 59
2684 53
2685 36
2686 67
2687 30
2688 97
2689 13
2690 51
2691 78
2692 1
2693 52
2694 1
2695 85
2696 69
2697 24
2698 87
2699 10
2700 59
2701 90
2702 66
2703 20
2704 59
2705 32
2706 88
2707 36
2708 58
2709 68
2710 20
2711 50
2712 52
2713 12
2714 84
2715 6
2716 98
2717 67
2718 54
2719 1
2720 61
2721 0
2722 50
2723 29
2724 17
2725 25
2726 27
2727 1
2728 83
2729 44
2730 72
2731 19
2732 79
2733 10
2734 70
2735 55
2736 47
2737 71
2738 36
2739 44
2740 81
2741 31
2742 46
2743 80
2744 57
2745 95
2746 65
2747 92
2748 86
2749 16
2750 92
2751 7
2752 50
2753 42
2754 24
2755 74
2756 24
2757 57
2758 78
2759 89
2760 28
2761 81
2762 58
2763 1
2764 16
2765 3
2766 65
2767 75
2768 27
2769 73
2770 36
2771 23
2772 21
2773 51
2774 44
2775 30
2776 37
2777 86
2778 12
2779 13
2780 5
2781 73
2782 78
2783 19
2784 86
2785 28
2786 44
2787 30
2788 84
2789 66
2790 99
2791 80
2792 54
2793 17
2794 5
2795 94
2796 90
2797 26
2798 18
2799 53
2800 66
2801 65
2802 95
2803 63
2804 60
2805 72
2806 53
2807 47
2808 2
2809 57
2810 30
2811 98
2812 52
2813 78
2814 80
2815 58
2816 9
2817 54
2818 77
2819 34
2820 34
2821 89
2822 69
2823 60
2824 97
2825 46
2826 53
2827 17
2828 98
2829 24
2830 56
2831 56
2832 80
2833 43
2834 98
2835 74
2836 99
2837 98
2838 65
2839 36
2840 60
2841 59
2842 14
2843 8
2844 23
2845 7
2846 73
2847 90
2848 90
2849 53
2850 9
2851 43
2852 27
2853 74
2854 93
2855 81
2856 56
2857 16
2858 96
2859 77
2860 11
2861 32
2862 16
2863 57
2864 58
2865 21
2866 38
2867 93
2868 9
2869 99
2870 26
2871 75
2872 97
2873 79
2874 31
2875 51
2876 19
2877 82
2878 98
2879 53
2880 75
2881 64
2882 76
2883 61
2884 98
2885 94
2886 19
2887 84
2888 80
2889 96
2890 78
2891 97
2892 96
2893 89
2894 17
2895 69
2896 16
2897 7
2898 66
2899 26
2900 13
2901 36
2902 74
2903 57
2904 84
2905 20
2906 33
2907 32
2908 86
2909 99
2910 54
2911 0
2912 44
2913 16
2914 40
2915 87
2916 57
2917 88
2918 85
2919 55
2920 96
2921 74
2922 16
2923 80
2924 67
2925 90
2926 65
2927 4
2928 70
2929 3
2930 71
2931 10
2932 88
2933 15
2934 89
2935 59
2936 11
2937 4
2938 89
2939 19
2940 75
2941 92
2942 10
2943 75
2944 1
2945 37
2946 69
2947 94
2948 7
2949 21
2950 87
2951 8
2952 49
2953 68
2954 46
2955 82
2956 58
2957 55
2958 77
2959 62
2960 41
2961 25
2962 84
2963 4
2964 98
2965 63
2966 79
2967 28
2968 46
2969 8
2970 44
2971 38
2972 26
2973 16
2974 41
2975 10
2976 90
2977 97
2978 62
2979 27
2980 86
2981 83
2982 70
2983 82
2984 73
2985 73
2986 96
2987 29
2988 21
2989 24
2990 25
2991 38
2992 83
2993 59
2994 6
2995 98
2996 48
2997 31
2998 84
2999 5
3000 17
3001 14
3002 6
3003 93
3004 83
3005 53
3006 90
3007 46
3008 34
3009 62
3010 86
3011 34
3012 35
3013 95
3014 51
3015 76
3016 91
3017 30
3018 80
3019 41
3020 48
3021 80
3022 22
3023 58
3024 28
3025 27
3026 59
3027 55
3028 61
3029 22
3030 7
3031 61
3032 18
3033 93
3034 55
3035 13
3036 26
3037 48
3038 59
3039 85
3040 99
3041 89
3042 39
3043 9
3044 89
3045 53
3046 59
3047 99
3048 30
3049 17
3050 24
3051 94
3052 22
3053 94
3054 11
3055 39
3056 70
3057 95
3058 67
3059 74
3060 87
3061 43
3062 72
3063 62
3064 47
3065 10
3066 74
3067 15
3068 35
3069 66
3070 18
3071 57
3072 79
3073 31
3074 45
3075 75
3076 92
3077 95
3078 9
3079 51
3080 70
3081 68
3082 12
3083 1
3084 92
3085 98
3086 99
3087 76
3088 62
3089 91
3090 58
3091 76
3092 30
3093 83
3094 4
3095 69
3096 57
3097 53
3098 14
3099 8
3100 74
3101 79
3102 44
3103 23
3104 19
3105 79
3106 68
3107 82
3108 47
3109 87
3110 89
3111 28
3112 11
3113 15
3114 55
3115 17
3116 66
3117 80
3118 99
3119 51
3120 45
3121 57
3122 92
3123 19
3124 3
3125 14
3126 39
3127 43
3128 45
3129 91
3130 72
3131 5
3132 2
3133 71
3134 85
3135 94
3136 45
3137 20
3138 53
3139 31
3140 74
3141 38
3142 85
3143 48
3144 72
3145 57
3146 93
3147 75
3148 39
3149 3
3150 14
3151 67
3152 0
3153 22
3154 15
3155 38
3156 10
3157 19
3158 47
3159 98
3160 58
3161 53
3162 7
3163 70
3164 14
3165 73
3166 45
3167 81
3168 33
3169 25
3170 90
3171 29
3172 8
3173 44
3174 21
3175 7
3176 9
3177 55
3178 10
3179 39
3180 41
3181 55
3182 29
3183 10
3184 21
3185 4
3186 36
3187 6
3188 46
3189 46
3190 97
3191 58
3192 22
3193 33
3194 71
3195 89
3196 92
3197 21
3198 98
3199 67
3200 99
3201 64
3202 10
3203 62
3204 16
3205 49
3206 29
3207 57
3208 62
3209 45
3210 89
3211 90
3212 9
3213 19
3214 42
3215 34
3216 20
3217 30
3218 31
3219 21
3220 33
3221 84
3222 34
3223 55
3224 8
3225 21
3226 68
3227 64
3228 2
3229 43
3230 26
3231 5
3232 9
3233 36
3234 92
3235 96
3236 37
3237 37
3238 45
3239 13
3240 24
3241 86
3242 78
3243 30
3244 86
3245 67
3246 8
3247 73
3248 56
3249 89
3250 73
3251 23
3252 70
3253 65
3254 88
3255 41
3256 5
3257 62
3258 40
3259 31
3260 97
3261 63
3262 81
3263 39
3264 22
3265 38
3266 13
3267 5
3268 51
3269 45
3270 23
3271 76
3272 38
3273 25
3274 91
3275 15
3276 46
3277 84
3278 22
3279 69
3280 79
3281 7
3282 81
3283 33
3284 16
3285 93
3286 1
3287 33
3288 38
3289 30
3290 76
3291 5
3292 58
3293 38
3294 73
3295 57
3296 52
3297 46
3298 6
3299 20
3300 69
3301 7
3302 85
3303 95
3304 14
3305 92
3306 24
3307 14
3308 41
3309 14
3310 13
3311 44
3312 13
3313 40
3314 2
3315 10
3316 91
3317 94
3318 88
3319 78
3320 93
3321 40
3322 45
3323 54
3324 51
3325 15
3326 80
3327 55
3328 60
3329 31
3330 56
3331 3
3332 55
3333 12
3334 82
3335 37
3336 80
3337 18
3338 10
3339 89
3340 75
3341 29
3342 70
3343 74
3344 57
3345 6
3346 13
3347 46
3348 9
3349 96
3350 15
3351 43
3352 79
3353 72
3354 59
3355 86
3356 17
3357 15
3358 90
3359 43
3360 63
3361 95
3362 15
3363 53
3364 62
3365 2
3366 97
3367 99
3368 47
3369 75
3370 86
3371 2
3372 3
3373 26
3374 94
3375 6
3376 10
3377 31
3378 48
3379 78
3380 32
3381 32
3382 7
3383 34
3384 10
3385 35
3386 54
3387 75
3388 80
3389 42
3390 62
3391 65
3392 78
3393 30
3394 39
3395 27
3396 5
3397 81
3398 58
3399 32
3400 8
3401 49
3402 90
3403 50
3404 52
3405 50
3406 72
3407 92
3408 22
3409 22
3410 54
3411 23
3412 51
3413 63
3414 81
3415 37
3416 12
3417 39
3418 1
3419 3
3420 86
3421 19
3422 11
3423 45
3424 85
3425 8
3426 58
3427 95
3428 51
3429 58
3430 80
3431 97
3432 57
3433 28
3434 83
3435 16
3436 73
3437 38
3438 78
3439 45
3440 72
3441 68
3442 66
3443 44
3444 86
3445 36
3446 97
3447 84
3448 56
3449 6
3450 41
3451 30
3452 59
3453 40
3454 24
3455 59
3456 13
3457 91
3458 64
3459 12
3460 34
3461 9
3462 41
3463 45
3464 32
3465 25
3466 1
3467 60
3468 15
3469 91
3470 95
3471 33
3472 72
3473 64
3474 13
3475 39
3476 23
3477 55
3478 45
3479 43
3480 20
3481 98
3482 42
3483 89
3484 94
3485 62
3486 97
3487 40
3488 59
3489 71
3490 28
3491 22
3492 1
3493 70
3494 71
3495 17
3496 93
3497 18
3498 17
3499 18
3500 19
3501 71
3502 70
3503 81
3504 88
3505 60
3506 44
3507 55
3508 61
3509 92
3510 48
3511 37
3512 64
3513 76
3514 87
3515 3
3516 61
3517 8
3518 93
3519 91
3520 25
3521 25
3522 42
3523 81
3524 77
3525 53
3526 69
3527 78
3528 6
3529 16
3530 49
3531 38
3532 45
3533 22
3534 85
3535 8
3536 96
3537 37
3538 82
3539 21
3540 99
3541 6
3542 97
3543 86
3544 46
3545 75
3546 81
3547 34
3548 47
3549 2
3550 39
3551 39
3552 81
3553 9
3554 81
3555 10
3556 59
3557 79
3558 52
3559 68
3560 76
3561 59
3562 74
3563 38
3564 20
3565 13
3566 59
3567 92
3568 59
3569 3
3570 3
3571 18
3572 36
3573 1
3574 1
3575 70
3576 49
3577 14
3578 86
3579 51
3580 12
3581 28
3582 29
3583 6
3584 55
3585 67
3586 97
3587 72
3588 31
3589 53
3590 21
3591 80
3592 82
3593 28
3594 78
3595 85
3596 10
3597 14
3598 74
3599 49
3600 25
3601 21
3602 40
3603 64
3604 3
3605 0
3606 74
3607 22
3608 42
3609 25
3610 80
3611 21
3612 79
3613 16
3614 66
3615 8
3616 47
3617 67
3618 34
3619 68
3620 9
3621 44
3622 54
3623 69
3624 52
3625 95
3626 29
3627 5
3628 22
3629 91
3630 20
3631 48
3632 56
3633 55
3634 8
3635 28
3636 16
3637 51
3638 41
3639 48
3640 64
3641 10
3642 44
3643 37
3644 42
3645 46
3646 26
3647 74
3648 71
3649 64
3650 68
3651 68
3652 6
3653 8
3654 28
3655 74
3656 60
3657 85
3658 71
3659 12
3660 24
3661 22
3662 79
3663 43
3664 81
3665 47
3666 59
3667 68
3668 57
3669 50
3670 64
3671 63
3672 26
3673 19
3674 67
3675 51
3676 7
3677 84
3678 43
3679 97
3680 14
3681 86
3682 72
3683 61
3684 24
3685 21
3686 59
3687 79
3688 42
3689 75
3690 50
3691 70
3692 95
3693 53
3694 16
3695 36
3696 69
3697 13
3698 62
3699 96
3700 81
3701 99
3702 7
3703 61
3704 51
3705 56
3706 86
3707 55
3708 45
3709 44
3710 22
3711 9
3712 30
3713 45
3714 10
3715 27
3716 75
3717 52
3718 74
3719 85
3720 45
3721 6
3722 55
3723 70
3724 98
3725 58
3726 10
3727 59
3728 36
3729 74
3730 2
3731 63
3732 41
3733 76
3734 8
3735 5
3736 28
3737 12
3738 40
3739 68
3740 85
3741 65
3742 77
3743 72
3744 49
3745 79
3746 49
3747 43
3748 19
3749 45
3750 3
3751 22
3752 97
3753 32
3754 97
3755 40
3756 79
3757 46
3758 1
3759 87
3760 65
3761 96
3762 14
3763 76
3764 45
3765 46
3766 92
3767 45
3768 97
3769 20
3770 58
3771 60
3772 22
3773 26
3774 95
3775 8
3776 22
3777 5
3778 1
3779 5
3780 34
3781 37
3782 97
3783 71
3784 0
3785 83
3786 2
3787 76
3788 92
3789 72
3790 68
3791 73
3792 62
3793 72
3794 31
3795 35
3796 37
3797 81
3798 1
3799 57
3800 53
3801 32
3802 67
3803 93
3804 54
3805 75
3806 19
3807 39
3808 81
3809 13
3810 90
3811 82
3812 5
3813 1
3814 77
3815 20
3816 52
3817 62
3818 32
3819 0
3820 45
3821 92
3822 26
3823 7
3824 34
3825 17
3826 64
3827 95
3828 2
3829 18
3830 48
3831 14
3832 84
3833 29
3834 29
3835 94
3836 42
3837 90
3838 68
3839 68
3840 31
3841 77
3842 42
3843 90
3844 46
3845 6
3846 95
3847 46
3848 94
3849 60
3850 35
3851 42
3852 73
3853 29
3854 52
3855 1
3856 86
3857 95
3858 7
3859 57
3860 92
3861 32
3862 0
3863 71
3864 25
3865 50
3866 94
3867 47
3868 98
3869 63
3870 68
3871 72
3872 60
3873 87
3874 98
3875 91
3876 39
3877 10
3878 35
3879 15
3880 77
3881 1
3882 15
3883 47
3884 40
3885 71
3886 38
3887 2
3888 50
3889 65
3890 61
3891 80
3892 86
3893 42
3894 86
3895 87
3896 43
3897 45
3898 95
3899 15
3900 92
3901 7
3902 16
3903 25
3904 82
3905 17
3906 61
3907 24
3908 3
3909 75
3910 28
3911 14
3912 61
3913 9
3914 29
3915 5
3916 61
3917 90
3918 62
3919 23
3920 40
3921 61
3922 93
3923 18
3924 64
3925 37
3926 25
3927 65
3928 45
3929 61
3930 45
3931 83
3932 95
3933 93
3934 71
3935 46
3936 1
3937 7
3938 54
3939 52
3940 83
3941 3
3942 94
3943 3
3944 33
3945 2
3946 11
3947 12
3948 48
3949 91
3950 89
3951 8
3952 20
3953 84
3954 9
3955 86
3956 17
3957 27
3958 84
3959 17
3960 9
3961 42
3962 82
3963 27
3964 31
3965 3
3966 64
3967 73
3968 99
3969 78
3970 18
3971 38
3972 73
3973 7
3974 18
3975 93
3976 52
3977 10
3978 16
3979 51
3980 88
3981 84
3982 98
3983 13
3984 16
3985 32
3986 61
3987 46
3988 76
3989 23
3990 60
3991 57
3992 45
3993 63
3994 23
3995 11
3996 71
3997 20
3998 33
3999 59
4000 48
4001 66
4002 21
4003 47
4004 52
4005 97
4006 37
4007 55
4008 21
4009 17
4010 93
4011 95
4012 38
4013 75
4014 31
4015 19
4016 35
4017 47
4018 71
4019 24
4020 63
4021 37
4022 85
4023 17
4024 73
4025 84
4026 50
4027 4
4028 40
4029 32
4030 92
4031 97
4032 53
4033 87
4034 5
4035 73
4036 56
4037 96
4038 60
4039 44
4040 84
4041 30
4042 85
4043 46
4044 49
4045 93
4046 68
4047 67
4048 21
4049 89
4050 89
4051 43
4052 74
4053 13
4054 59
4055 89
4056 36
4057 33
4058 19
4059 28
4060 55
4061 69
4062 13
4063 64
4064 16
4065 21
4066 47
4067 87
4068 68
4069 79
4070 16
4071 55
4072 41
4073 72
4074 45
4075 87
4076 17
4077 32
4078 26
4079 17
4080 29
4081 37
4082 68
4083 91
4084 83
4085 75
4086 5
4087 90
4088 32
4089 8
4090 95
4091 23
4092 82
4093 58
4094 40
4095 99
4096 21
4097 26
4098 52
4099 15
4100 37
4101 39
4102 17
4103 0
4104 98
4105 99
4106 88
4107 66
4108 53
4109 25
4110 88
4111 32
4112 27
4113 12
4114 69
4115 7
4116 74
4117 7
4118 48
4119 56
4120 69
4121 8
4122 10
4123 46
4124 28
4125 11
4126 29
4127 96
4128 53
4129 74
4130 68
4131 37
4132 17
4133 78
4134 56
4135 17
4136 37
4137 44
4138 62
4139 3
4140 86
4141 40
4142 48
4143 94
4144 26
4145 26
4146 89
4147 96
4148 90
4149 56
4150 29
4151 56
4152 49
4153 94
4154 51
4155 88
4156 48
4157 31
4158 8
4159 29
4160 34
4161 12
4162 28
4163 16
4164 38
4165 18
4166 26
4167 94
4168 11
4169 87
4170 43
4171 20
4172 81
4173 97
4174 88
4175 32
4176 25
4177 58
4178 10
4179 64
4180 19
4181 57
4182 28
4183 36
4184 78
4185 60
4186 64
4187 20
4188 81
4189 45
4190 64
4191 0
4192 89
4193 48
4194 12
4195 46
4196 96
4197 47
4198 60
4199 24
4200 60
4201 44
4202 59
4203 4
4204 92
4205 21
4206 81
4207 88
4208 97
4209 51
4210 87
4211 88
4212 95
4213 89
4214 25
4215 82
4216 98
4217 50
4218 95
4219 62
4220 13
4221 65
4222 61
4223 10
4224 34
4225 67
4226 44
4227 30
4228 71
4229 78
4230 4
4231 86
4232 66
4233 87
4234 36
4235 82
4236 34
4237 7
4238 11
4239 97
4240 81
4241 37
4242 38
4243 95
4244 30
4245 48
4246 78
4247 16
4248 43
4249 76
4250 45
4251 76
4252 63
4253 71
4254 68
4255 59
4256 90
4257 64
4258 2
4259 76
4260 70
4261 42
4262 8
4263 46
4264 13
4265 89
4266 69
4267 33
4268 81
4269 21
4270 29
4271 4
4272 13
4273 91
4274 86
4275 86
4276 68
4277 54
4278 35
4279 8
4280 25
4281 87
4282 53
4283 89
4284 91
4285 18
4286 32
4287 67
4288 23
4289 5
4290 60
4291 33
4292 93
4293 2
4294 47
4295 91
4296 89
4297 89
4298 23
4299 18
4300 91
4301 17
4302 21
4303 93
4304 82
4305 95
4306 1
4307 64
4308 63
4309 74
4310 59
4311 22
4312 37
4313 36
4314 11
4315 36
4316 38
4317 73
4318 57
4319 24
4320 9
4321 20
4322 56
4323 29
4324 25
4325 95
4326 62
4327 77
4328 6
4329 86
4330 49
4331 38
4332 51
4333 88
4334 15
4335 49
4336 97
4337 49
4338 86
4339 6
4340 86
4341 78
4342 88
4343 77
4344 94
4345 98
4346 94
4347 30
4348 85
4349 69
4350 24
4351 58
4352 21
4353 7
4354 81
4355 57
4356 57
4357 93
4358 34
4359 11
4360 41
4361 58
4362 35
4363 14
4364 56
4365 30
4366 2
4367 46
4368 98
4369 87
4370 73
4371 45
4372 55
4373 16
4374 15
4375 44
4376 82
4377 91
4378 23
4379 55
4380 38
4381 94
4382 23
4383 38
4384 44
4385 73
4386 95
4387 73
4388 22
4389 97
4390 71
4391 55
4392 13
4393 5
4394 80
4395 99
4396 3
4397 48
4398 86
4399 54
4400 76
4401 29
4402 59
4403 89
4404 89
4405 17
4406 96
4407 59
4408 46
4409 36
4410 44
4411 86
4412 41
4413 96
4414 16
4415 95
4416 15
4417 96
4418 68
4419 18
4420 67
4421 50
4422 33
4423 56
4424 71
4425 16
4426 83
4427 4
4428 17
4429 67
4430 62
4431 75
4432 30
4433 56
4434 53
4435 53
4436 85
4437 21
4438 80
4439 67
4440 98
4441 38
4442 44
4443 37
4444 12
4445 17
4446 30
4447 68
4448 86
4449 10
4450 45
4451 74
4452 44
4453 76
4454 71
4455 98
4456 20
4457 61
4458 75
4459 60
4460 99
4461 86
4462 14
4463 5
4464 37
4465 10
4466 60
4467 29
4468 29
4469 30
4470 64
4471 86
4472 48
4473 91
4474 81
4475 26
4476 3
4477 53
4478 63
4479 81
4480 14
4481 18
4482 36
4483 38
4484 29
4485 46
4486 0
4487 81
4488 66
4489 14
4490 57
4491 98
4492 97
4493 44
4494 40
4495 17
4496 62
4497 16
4498 76
4499 69
4500 20
4501 82
4502 77
4503 0
4504 63
4505 6
4506 45
4507 74
4508 85
4509 38
4510 24
4511 33
4512 75
4513 31
4514 35
4515 23
4516 59
4517 69
4518 90
4519 26
4520 83
4521 90
4522 78
4523 57
4524 11
4525 22
4526 2
4527 72
4528 77
4529 31
4530 25
4531 1
4532 29
4533 60
4534 85
4535 75
4536 49
4537 71
4538 43
4539 19
4540 63
4541 51
4542 98
4543 31
4544 2
4545 23
4546 58
4547 82
4548 6
4549 6
4550 85
4551 5
4552 11
4553 17
4554 29
4555 13
4556 7
4557 56
4558 3
4559 55
4560 18
4561 22
4562 7
4563 69
4564 76
4565 12
4566 24
4567 0
4568 60
4569 26
4570 6
4571 67
4572 7
4573 51
4574 31
4575 29
4576 52
4577 27
4578 9
4579 62
4580 65
4581 10
4582 50
4583 92
4584 76
4585 28
4586 68
4587 41
4588 76
4589 92
4590 84
4591 35
4592 59
4593 63
4594 78
4595 92
4596 33
4597 11
4598 51
4599 56
4600 31
4601 76
4602 27
4603 58
4604 17
4605 35
4606 42
4607 6
4608 91
4609 37
4610 70
4611 79
4612 71
4613 89
4614 35
4615 46
4616 35
4617 78
4618 63
4619 94
4620 98
4621 48
4622 53
4623 48
4624 13
4625 57
4626 51
4627 56
4628 61
4629 26
4630 34
4631 4
4632 34
4633 13
4634 18
4635 59
4636 7
4637 21
4638 62
4639 60
4640 13
4641 55
4642 20
4643 16
4644 46
4645 99
4646 73
4647 10
4648 47
4649 88
4650 65
4651 12
4652 48
4653 21
4654 31
4655 12
4656 63
4657 89
4658 29
4659 24
4660 58
4661 28
4662 51
4663 4
4664 63
4665 79
4666 97
4667 88
4668 17
4669 58
4670 97
4671 35
4672 75
4673 44
4674 71
4675 53
4676 59
4677 58
4678 95
4679 45
4680 68
4681 15
4682 8
4683 52
4684 16
4685 97
4686 30
4687 58
4688 7
4689 1
4690 53
4691 80
4692 40
4693 16
4694 24
4695 55
4696 41
4697 43
4698 92
4699 57
4700 48
4701 62
4702 16
4703 64
4704 63
4705 21
4706 39
4707 15
4708 25
4709 86
4710 79
4711 82
4712 72
4713 40
4714 27
4715 46
4716 53
4717 6
4718 51
4719 91
4720 41
4721 87
4722 83
4723 86
4724 48
4725 70
4726 75
4727 62
4728 54
4729 5
4730 83
4731 40
4732 23
4733 68
4734 60
4735 47
4736 80
4737 64
4738 29
4739 51
4740 20
4741 68
4742 13
4743 99
4744 96
4745 93
4746 9
4747 83
4748 53
4749 88
4750 13
4751 78
4752 56
4753 19
4754 2
4755 75
4756 76
4757 30
4758 10
4759 30
4760 7
4761 32
4762 55
4763 68
4764 76
4765 20
4766 84
4767 44
4768 64
4769 53
4770 57
4771 30
4772 20
4773 46
4774 94
4775 27
4776 8
4777 88
4778 61
4779 18
4780 40
4781 93
4782 97
4783 54
4784 67
4785 98
4786 39
4787 61
4788 29
4789 96
4790 20
4791 75
4792 7
4793 7
4794 86
4795 52
4796 59
4797 77
4798 17
4799 0
4800 22
4801 28
4802 84
4803 72
4804 73
4805 35
4806 44
4807 81
4808 7
4809 99
4810 8
4811 2
4812 3
4813 97
4814 27
4815 60
4816 67
4817 29
4818 31
4819 81
4820 95
4821 54
4822 17
4823 70
4824 74
4825 14
4826 56
4827 21
4828 79
4829 46
4830 50
4831 93
4832 97
4833 81
4834 88
4835 95
4836 90
4837 59
4838 52
4839 9
4840 41
4841 48
4842 18
4843 38
4844 35
4845 53
4846 65
4847 4
4848 96
4849 15
4850 94
4851 54
4852 59
4853 34
4854 89
4855 12
4856 71
4857 43
4858 81
4859 0
4860 61
4861 44
4862 51
4863 6
4864 56
4865 62
4866 49
4867 93
4868 61
4869 21
4870 48
4871 77
4872 52
4873 23
4874 45
4875 67
4876 13
4877 60
4878 40
4879 45
4880 51
4881 87
4882 28
4883 73
4884 28
4885 83
4886 80
4887 8
4888 61
4889 18
4890 72
4891 97
4892 33
4893 76
4894 98
4895 25
4896 5
4897 19
4898 69
4899 36
4900 97
4901 87
4902 94
4903 66
4904 47
4905 25
4906 4
4907 73
4908 94
4909 62
4910 98
4911 0
4912 9
4913 53
4914 47
4915 19
4916 86
4917 68
4918 97
4919 99
4920 93
4921 57
4922 20
4923 28
4924 37
4925 52
4926 44
4927 61
4928 30
4929 60
4930 13
4931 98
4932 99
4933 8
4934 1
4935 8
4936 94
4937 32
4938 64
4939 13
4940 37
4941 63
4942 74
4943 87
4944 77
4945 65
4946 31
4947 94
4948 73
4949 5
4950 43
4951 94
4952 9
4953 48
4954 5
4955 58
4956 63
4957 11
4958 8
4959 0
4960 56
4961 36
4962 70
4963 3
4964 50
4965 53
4966 77
4967 35
4968 40
4969 95
4970 75
4971 78
4972 56
4973 79
4974 93
4975 78
4976 73
4977 31
4978 2
4979 91
4980 94
4981 9
4982 73
4983 44
4984 75
4985 57
4986 34
4987 73
4988 14
4989 87
4990 81
4991 73
4992 40
4993 61
4994 49
4995 7
4996 32
4997 78
4998 92
4999 61
5000 61
5001 53
5002 13
5003 72
5004 89
5005 8
5006 99
5007 87
5008 23
5009 25
5010 33
5011 76
5012 43
5013 76
5014 71
5015 26
5016 42
5017 59
5018 92
5019 73
5020 89
5021 90
5022 68
5023 55
5024 86
5025 40
5026 90
5027 94
5028 66
5029 17
5030 74
5031 84
5032 27
5033 79
5034 49
5035 23
5036 99
5037 25
5038 1
5039 82
5040 91
5041 50
5042 71
5043 8
5044 62
5045 79
5046 63
5047 67
5048 24
5049 92
5050 38
5051 95
5052 95
5053 15
5054 50
5055 89
5056 82
5057 36
5058 10
5059 4
5060 85
5061 91
5062 28
5063 16
5064 0
5065 46
5066 51
5067 9
5068 95
5069 1
5070 46
5071 16
5072 29
5073 0
5074 90
5075 72
5076 20
5077 0
5078 43
5079 79
5080 12
5081 37
5082 3
5083 50
5084 84
5085 76
5086 71
5087 30
5088 62
5089 53
5090 63
5091 84
5092 20
5093 57
5094 79
5095 38
5096 58
5097 23
5098 1
5099 22
5100 85
5101 57
5102 28
5103 91
5104 55
5105 70
5106 74
5107 46
5108 15
5109 83
5110 34
5111 28
5112 4
5113 28
5114 34
5115 3
5116 11
5117 61
5118 50
5119 24
5120 3
5121 54
5122 37
5123 64
5124 20
5125 62
5126 39
5127 76
5128 33
5129 87
5130 47
5131 45
5132 47
5133 25
5134 2
5135 44
5136 53
5137 71
5138 17
5139 86
5140 9
5141 7
5142 64
5143 28
5144 61
5145 76
5146 46
5147 60
5148 25
5149 24
5150 20
5151 98
5152 29
5153 90
5154 63
5155 55
5156 95
5157 45
5158 5
5159 8
5160 86
5161 75
5162 72
5163 61
5164 25
5165 51
5166 43
5167 52
5168 2
5169 88
5170 49
5171 41
5172 77
5173 92
5174 77
5175 54
5176 94
5177 30
5178 12
5179 89
5180 73
5181 85
5182 90
5183 90
5184 59
5185 69
5186 62
5187 81
5188 84
5189 41
5190 76
5191 91
5192 2
5193 43
5194 88
5195 86
5196 58
5197 16
5198 17
5199 72
5200 23
5201 47
5202 96
5203 95
5204 92
5205 28
5206 61
5207 83
5208 67
5209 55
5210 69
5211 66
5212 45
5213 70
5214 31
5215 92
5216 64
5217 38
5218 5
5219 22
5220 42
5221 28
5222 95
5223 17
5224 12
5225 66
5226 67
5227 25
5228 22
5229 79
5230 80
5231 99
5232 62
5233 19
5234 50
5235 22
5236 25
5237 21
5238 8
5239 66
5240 35
5241 39
5242 55
5243 46
5244 27
5245 64
5246 93
5247 23
5248 63
5249 96
5250 8
5251 97
5252 65
5253 88
5254 21
5255 91
5256 32
5257 51
5258 77
5259 54
5260 11
5261 50
5262 6
5263 54
5264 87
5265 41
5266 78
5267 84
5268 78
5269 77
5270 92
5271 13
5272 98
5273 21
5274 67
5275 54
5276 90
5277 0
5278 36
5279 32
5280 30
5281 32
5282 46
5283 62
5284 26
5285 1
5286 20
5287 32
5288 43
5289 84
5290 63
5291 27
5292 28
5293 86
5294 37
5295 90
5296 16
5297 69
5298 49
5299 36
5300 40
5301 3
5302 75
5303 13
5304 88
5305 49
5306 43
5307 7
5308 4
5309 65
5310 1
5311 12
5312 41
5313 87
5314 95
5315 33
5316 46
5317 55
5318 85
5319 10
5320 78
5321 96
5322 38
5323 11
5324 16
5325 11
5326 54
5327 32
5328 70
5329 48
5330 86
5331 70
5332 61
5333 29
5334 43
5335 74
5336 71
5337 60
5338 78
5339 58
5340 69
5341 34
5342 88
5343 55
5344 30
5345 37
5346 95
5347 41
5348 85
5349 91
5350 81
5351 89
5352 46
5353 56
5354 10
5355 38
5356 98
5357 66
5358 83
5359 31
5360 47
5361 17
5362 45
5363 75
5364 63
5365 70
5366 58
5367 91
5368 86
5369 86
5370 52
5371 66
5372 78
5373 29
5374 76
5375 24
5376 85
5377 10
5378 43
5379 9
5380 57
5381 62
5382 13
5383 17
5384 79
5385 90
5386 23
5387 90
5388 60
5389 75
5390 16
5391 56
5392 27
5393 26
5394 17
5395 30
5396 67
5397 95
5398 39
5399 38
5400 98
5401 81
5402 94
5403 89
5404 6
5405 2
5406 59
5407 45
5408 58
5409 19
5410 8
5411 46
5412 77
5413 30
5414 18
5415 22
5416 98
5417 23
5418 33
5419 9
5420 42
5421 45
5422 61
5423 2
5424 94
5425 93
5426 60
5427 11
5428 48
5429 33
5430 72
5431 80
5432 85
5433 84
5434 63
5435 6
5436 15
5437 45
5438 5
5439 37
5440 5
5441 28
5442 72
5443 81
5444 26
5445 75
5446 86
5447 44
5448 12
5449 48
5450 7
5451 23
5452 65
5453 86
5454 22
5455 22
5456 92
5457 71
5458 47
5459 33
5460 13
5461 2
5462 39
5463 22
5464 42
5465 92
5466 59
5467 62
5468 97
5469 22
5470 50
5471 55
5472 53
5473 34
5474 96
5475 7
5476 41
5477 37
5478 5
5479 90
5480 38
5481 19
5482 38
5483 8
5484 78
5485 57
5486 91
5487 90
5488 1
5489 55
5490 48
5491 14
5492 10
5493 57
5494 73
5495 67
5496 19
5497 69
5498 59
5499 34
5500 28
5501 28
5502 2
5503 65
5504 83
5505 79
5506 10
5507 64
5508 36
5509 84
5510 26
5511 12
5512 45
5513 69
5514 99
5515 67
5516 34
5517 36
5518 80
5519 89
5520 37
5521 97
5522 32
5523 63
5524 55
5525 71
5526 43
5527 15
5528 72
5529 76
5530 74
5531 29
5532 61
5533 76
5534 88
5535 41
5536 52
5537 93
5538 28
5539 32
5540 42
5541 95
5542 61
5543 9
5544 26
5545 52
5546 11
5547 40
5548 86
5549 20
5550 70
5551 16
5552 78
5553 65
5554 95
5555 90
5556 86
5557 38
5558 58
5559 74
5560 53
5561 29
5562 34
5563 1
5564 30
5565 0
5566 10
5567 87
5568 26
5569 49
5570 92
5571 62
5572 76
5573 83
5574 99
5575 61
5576 91
5577 13
5578 41
5579 34
5580 11
5581 42
5582 81
5583 19
5584 20
5585 12
5586 14
5587 50
5588 46
5589 96
5590 98
5591 6
5592 12
5593 74
5594 99
5595 0
5596 92
5597 94
5598 34
5599 87
5600 46
5601 53
5602 32
5603 27
5604 31
5605 27
5606 50
5607 76
5608 90
5609 78
5610 25
5611 80
5612 59
5613 18
5614 79
5615 58
5616 48
5617 74
5618 24
5619 1
5620 83
5621 86
5622 71
5623 89
5624 35
5625 98
5626 92
5627 35
5628 85
5629 66
5630 5
5631 74
5632 18
5633 54
5634 64
5635 95
5636 94
5637 45
5638 15
5639 76
5640 58
5641 76
5642 13
5643 18
5644 27
5645 21
5646 97
5647 93
5648 41
5649 98
5650 21
5651 97
5652 84
5653 22
5654 95
5655 13
5656 99
5657 58
5658 58
5659 76
5660 14
5661 27
5662 83
5663 34
5664 28
5665 85
5666 0
5667 33
5668 91
5669 77
5670 80
5671 97
5672 84
5673 80
5674 42
5675 0
5676 59
5677 75
5678 85
5679 87
5680 0
5681 91
5682 94
5683 99
5684 30
5685 99
5686 3
5687 92
5688 52
5689 34
5690 50
5691 68
5692 64
5693 93
5694 3
5695 20
5696 76
5697 18
5698 89
5699 29
5700 51
5701 4
5702 35
5703 18
5704 6
5705 74
5706 34
5707 26
5708 63
5709 76
5710 88
5711 49
5712 96
5713 90
5714 72
5715 12
5716 71
5717 20
5718 76
5719 10
5720 30
5721 12
5722 39
5723 77
5724 35
5725 26
5726 67
5727 9
5728 49
5729 58
5730 88
5731 47
5732 99
5733 87
5734 15
5735 18
5736 36
5737 48
5738 15
5739 97
5740 68
5741 38
5742 44
5743 89
5744 47
5745 68
5746 9
5747 51
5748 36
5749 44
5750 98
5751 84
5752 79
5753 92
5754 46
5755 61
5756 99
5757 87
5758 55
5759 67
5760 0
5761 49
5762 47
5763 0
5764 74
5765 30
5766 72
5767 52
5768 98
5769 17
5770 66
5771 1
5772 92
5773 65
5774 7
5775 5
5776 25
5777 52
5778 81
5779 29
5780 60
5781 69
5782 36
5783 57
5784 22
5785 11
5786 2
5787 66
5788 95
5789 22
5790 61
5791 51
5792 71
5793 14
5794 26
5795 54
5796 70
5797 74
5798 68
5799 54
5800 6
5801 58
5802 92
5803 19
5804 43
5805 49
5806 3
5807 95
5808 75
5809 76
5810 17
5811 68
5812 40
5813 31
5814 53
5815 15
5816 35
5817 8
5818 35
5819 40
5820 32
5821 71
5822 58
5823 33
5824 26
5825 18
5826 38
5827 49
5828 7
5829 7
5830 94
5831 71
5832 53
5833 87
5834 19
5835 56
5836 40
5837 86
5838 97
5839 89
5840 72
5841 55
5842 56
5843 41
5844 14
5845 33
5846 28
5847 26
5848 61
5849 96
5850 76
5851 82
5852 27
5853 2
5854 83
5855 43
5856 20
5857 50
5858 12
5859 54
5860 18
5861 10
5862 13
5863 11
5864 37
5865 44
5866 18
5867 97
5868 66
5869 29
5870 3
5871 12
5872 95
5873 83
5874 16
5875 33
5876 65
5877 96
5878 24
5879 11
5880 36
5881 74
5882 97
5883 14
5884 69
5885 67
5886 53
5887 44
5888 84
5889 40
5890 87
5891 43
5892 68
5893 14
5894 29
5895 28
5896 1
5897 18
5898 51
5899 95
5900 37
5901 52
5902 1
5903 66
5904 32
5905 58
5906 7
5907 29
5908 53
5909 38
5910 62
5911 30
5912 54
5913 54
5914 68
5915 67
5916 2
5917 90
5918 99
5919 34
5920 40
5921 91
5922 23
5923 91
5924 1
5925 99
5926 82
5927 21
5928 7
5929 85
5930 41
5931 71
5932 2
5933 52
5934 87
5935 45
5936 2
5937 31
5938 54
5939 29
5940 68
5941 76
5942 30
5943 4
5944 45
5945 18
5946 41
5947 11
5948 37
5949 69
5950 31
5951 59
5952 44
5953 47
5954 47
5955 7
5956 0
5957 1
5958 66
5959 65
5960 32
5961 75
5962 73
5963 50
5964 68
5965 68
5966 57
5967 67
5968 10
5969 82
5970 48
5971 86
5972 12
5973 52
5974 13
5975 51
5976 86
5977 97
5978 62
5979 92
5980 89
5981 19
5982 26
5983 72
5984 44
5985 72
5986 14
5987 78
5988 83
5989 57
5990 73
5991 66
5992 84
5993 74
5994 13
5995 17
5996 46
5997 27
5998 97
5999 32
6000 22
6001 16
6002 32
6003 68
6004 1
6005 87
6006 51
6007 59
6008 31
6009 79
6010 4
6011 4
6012 35
6013 23
6014 36
6015 98
6016 75
6017 69
6018 0
6019 52
6020 22
6021 67
6022 60
6023 37
6024 54
6025 29
6026 54
6027 0
6028 29
6029 13
6030 12
6031 15
6032 68
6033 91
6034 97
6035 49
6036 94
6037 60
6038 20
6039 69
6040 71
6041 37
6042 25
6043 85
6044 3
6045 18
6046 32
6047 33
6048 68
6049 14
6050 19
6051 30
6052 81
6053 86
6054 47
6055 7
6056 80
6057 3
6058 92
6059 78
6060 83
6061 70
6062 77
6063 67
6064 68
6065 65
6066 13
6067 18
6068 54
6069 6
6070 37
6071 1
6072 17
6073 88
6074 55
6075 36
6076 83
6077 6
6078 64
6079 70
6080 95
6081 15
6082 63
6083 2
6084 87
6085 38
6086 32
6087 43
6088 45
6089 36
6090 19
6091 8
6092 78
6093 15
6094 13
6095 58
6096 83
6097 71
6098 83
6099 24
6100 19
6101 47
6102 92
6103 89
6104 5
6105 70
6106 6
6107 64
6108 61
6109 84
6110 47
6111 44
6112 26
6113 3
6114 63
6115 88
6116 19
6117 56
6118 38
6119 13
6120 99
6121 39
6122 47
6123 89
6124 34
6125 90
6126 83
6127 31
6128 93
6129 16
6130 18
6131 32
6132 15
6133 43
6134 6
6135 48
6136 34
6137 47
6138 2
6139 53
6140 83
6141 4
6142 73
6143 5
6144 25
6145 43
6146 88
6147 22
6148 30
6149 48
6150 77
6151 54
6152 2
6153 16
6154 56
6155 40
6156 91
6157 30
6158 21
6159 91
6160 97
6161 4
6162 45
6163 17
6164 81
6165 70
6166 10
6167 69
6168 19
6169 45
6170 45
6171 58
6172 35
6173 59
6174 55
6175 15
6176 60
6177 69
6178 54
6179 49
6180 84
6181 83
6182 50
6183 88
6184 96
6185 2
6186 62
6187 8
6188 14
6189 61
6190 80
6191 17
6192 43
6193 91
6194 32
6195 75
6196 23
6197 24
6198 52
6199 31
6200 77
6201 3
6202 91
6203 27
6204 64
6205 89
6206 81
6207 75
6208 43
6209 48
6210 68
6211 49
6212 26
6213 12
6214 62
6215 40
6216 0
6217 33
6218 18
6219 0
6220 11
6221 20
6222 7
6223 90
6224 73
6225 51
6226 41
6227 61
6228 99
6229 43
6230 29
6231 49
6232 32
6233 53
6234 70
6235 42
6236 4
6237 14
6238 7
6239 67
6240 95
6241 64
6242 93
6243 93
6244 75
6245 4
6246 66
6247 0
6248 28
6249 41
6250 36
6251 42
6252 85
6253 3
6254 45
6255 62
6256 9
6257 82
6258 8
6259 53
6260 17
6261 67
6262 43
6263 31
6264 54
6265 28
6266 11
6267 91
6268 43
6269 97
6270 69
6271 30
6272 35
6273 32
6274 39
6275 15
6276 39
6277 11
6278 33
6279 98
6280 40
6281 69
6282 28
6283 57
6284 5
6285 32
6286 57
6287 34
6288 46
6289 26
6290 45
6291 42
6292 72
6293 10
6294 83
6295 79
6296 7
6297 94
6298 7
6299 60
6300 7
6301 22
6302 19
6303 58
6304 93
6305 35
6306 77
6307 14
6308 59
6309 58
6310 46
6311 10
6312 7
6313 15
6314 88
6315 77
6316 6
6317 58
6318 75
6319 73
6320 83
6321 22
6322 69
6323 41
6324 93
6325 62
6326 30
6327 0
6328 43
6329 1
6330 96
6331 57
6332 71
6333 8
6334 88
6335 20
6336 50
6337 86
6338 83
6339 80
6340 76
6341 61
6342 16
6343 83
6344 8
6345 4
6346 79
6347 71
6348 13
6349 75
6350 77
6351 40
6352 75
6353 77
6354 55
6355 30
6356 30
6357 22
6358 89
6359 48
6360 0
6361 66
6362 75
6363 55
6364 97
6365 39
6366 76
6367 13
6368 3
6369 12
6370 99
6371 44
6372 24
6373 63
6374 32
6375 96
6376 51
6377 72
6378 62
6379 4
6380 89
6381 70
6382 85
6383 56
6384 7
6385 67
6386 12
6387 12
6388 55
6389 46
6390 45
6391 92
6392 42
6393 80
6394 30
6395 57
6396 91
6397 24
6398 59
6399 27
6400 52
6401 69
6402 30
6403 57
6404 44
6405 1
6406 21
6407 33
6408 21
6409 95
6410 38
6411 20
6412 7
6413 97
6414 92
6415 84
6416 99
6417 62
6418 92
6419 7
6420 90
6421 23
6422 45
6423 8
6424 13
6425 34
6426 96
6427 97
6428 94
6429 81
6430 35
6431 51
6432 17
6433 77
6434 54
6435 85
6436 31
6437 94
6438 52
6439 88
6440 43
6441 23
6442 25
6443 49
6444 51
6445 65
6446 13
6447 42
6448 30
6449 73
6450 10
6451 63
6452 68
6453 82
6454 5
6455 93
6456 24
6457 82
6458 46
6459 58
6460 89
6461 44
6462 78
6463 90
6464 74
6465 83
6466 64
6467 41
6468 97
6469 63
6470 45
6471 97
6472 85
6473 54
6474 51
6475 35
6476 38
6477 67
6478 56
6479 35
6480 90
6481 29
6482 5
6483 94
6484 6
6485 18
6486 40
6487 8
6488 54
6489 14
6490 95
6491 13
6492 39
6493 0
6494 31
6495 15
6496 22
6497 47
6498 38
6499 33
6500 68
6501 63
6502 22
6503 89
6504 75
6505 23
6506 76
6507 99
6508 67
6509 23
6510 25
6511 18
6512 58
6513 75
6514 15
6515 44
6516 13
6517 42
6518 20
6519 46
6520 90
6521 65
6522 36
6523 0
6524 47
6525 44
6526 16
6527 36
6528 71
6529 54
6530 23
6531 39
6532 95
6533 55
6534 73
6535 65
6536 48
6537 24
6538 43
6539 18
6540 93
6541 51
6542 47
6543 80
6544 4
6545 94
6546 77
6547 78
6548 22
6549 60
6550 53
6551 19
6552 81
6553 48
6554 2
6555 13
6556 44
6557 67
6558 75
6559 98
6560 55
6561 51
6562 57
6563 11
6564 2
6565 93
6566 51
6567 6
6568 12
6569 50
6570 46
6571 32
6572 25
6573 62
6574 16
6575 54
6576 11
6577 62
6578 62
6579 89
6580 40
6581 76
6582 89
6583 79
6584 22
6585 2
6586 48
6587 21
6588 97
6589 59
6590 26
6591 7
6592 73
6593 7
6594 5
6595 95
6596 51
6597 39
6598 87
6599 97
6600 50
6601 61
6602 26
6603 79
6604 47
6605 87
6606 75
6607 53
6608 33
6609 17
6610 22
6611 43
6612 30
6613 21
6614 55
6615 60
6616 61
6617 82
6618 60
6619 16
6620 49
6621 47
6622 60
6623 72
6624 51
6625 6
6626 27
6627 91
6628 33
6629 2
6630 41
6631 82
6632 36
6633 79
6634 99
6635 46
6636 73
6637 14
6638 12
6639 30
6640 70
6641 61
6642 73
6643 38
6644 17
6645 0
6646 7
6647 38
6648 34
6649 59
6650 91
6651 80
6652 75
6653 52
6654 44
6655 86
6656 36
6657 49
6658 68
6659 21
6660 89
6661 5
6662 62
6663 46
6664 80
6665 6
6666 96
6667 59
6668 15
6669 69
6670 86
6671 62
6672 65
6673 82
6674 94
6675 95
6676 17
6677 75
6678 15
6679 31
6680 21
6681 50
6682 21
6683 83
6684 73
6685 76
6686 66
6687 15
6688 3
6689 99
6690 76
6691 31
6692 48
6693 74
6694 92
6695 17
6696 3
6697 66
6698 40
6699 84
6700 83
6701 2
6702 77
6703 64
6704 37
6705 8
6706 58
6707 71
6708 90
6709 66
6710 69
6711 8
6712 28
6713 75
6714 40
6715 96
6716 71
6717 3
6718 92
6719 29
6720 0
6721 40
6722 37
6723 20
6724 97
6725 53
6726 74
6727 93
6728 27
6729 72
6730 41
6731 62
6732 8
6733 20
6734 61
6735 20
6736 28
6737 75
6738 86
6739 95
6740 22
6741 75
6742 5
6743 37
6744 1
6745 41
6746 56
6747 43
6748 66
6749 42
6750 58
6751 42
6752 9
6753 64
6754 47
6755 92
6756 72
6757 44
6758 6
6759 1
6760 97
6761 20
6762 17
6763 65
6764 93
6765 21
6766 11
6767 45
6768 83
6769 32
6770 20
6771 33
6772 29
6773 45
6774 69
6775 47
6776 48
6777 41
6778 35
6779 65
6780 84
6781 79
6782 81
6783 91
6784 38
6785 80
6786 1
6787 24
6788 76
6789 71
6790 1
6791 71
6792 31
6793 11
6794 42
6795 78
6796 83
6797 74
6798 22
6799 71
6800 50
6801 61
6802 34
6803 80
6804 87
6805 29
6806 95
6807 20
6808 8
6809 89
6810 54
6811 19
6812 66
6813 62
6814 95
6815 30
6816 30
6817 57
6818 7
6819 76
6820 23
6821 71
6822 87
6823 42
6824 83
6825 87
6826 19
6827 9
6828 66
6829 12
6830 60
6831 54
6832 5
6833 30
6834 56
6835 64
6836 87
6837 2
6838 10
6839 10
6840 28
6841 74
6842 89
6843 95
6844 77
6845 14
6846 16
6847 54
6848 9
6849 79
6850 25
6851 11
6852 99
6853 11
6854 25
6855 91
6856 42
6857 4
6858 75
6859 16
6860 96
6861 51
6862 36
6863 15
6864 8
6865 64
6866 24
6867 97
6868 14
6869 81
6870 66
6871 83
6872 71
6873 42
6874 25
6875 60
6876 47
6877 60
6878 29
6879 48
6880 39
6881 37
6882 40
6883 48
6884 63
6885 21
6886 50
6887 90
6888 55
6889 23
6890 85
6891 69
6892 43
6893 43
6894 10
6895 96
6896 76
6897 46
6898 62
6899 25
6900 50
6901 79
6902 99
6903 81
6904 50
6905 0
6906 88
6907 31
6908 28
6909 90
6910 99
6911 56
6912 14
6913 39
6914 45
6915 39
6916 58
6917 68
6918 40
6919 77
6920 67
6921 29
6922 18
6923 29
6924 61
6925 39
6926 14
6927 45
6928 85
6929 43
6930 88
6931 29
6932 10
6933 85
6934 7
6935 20
6936 88
6937 46
6938 6
6939 67
6940 79
6941 43
6942 9
6943 83
6944 76
6945 46
6946 61
6947 67
6948 54
6949 40
6950 16
6951 70
6952 97
6953 75
6954 7
6955 56
6956 94
6957 89
6958 0
6959 28
6960 99
6961 50
6962 36
6963 28
6964 91
6965 66
6966 57
6967 98
6968 96
6969 28
6970 95
6971 87
6972 81
6973 13
6974 27
6975 17
6976 49
6977 33
6978 75
6979 75
6980 20
6981 60
6982 50
6983 88
6984 28
6985 46
6986 50
6987 43
6988 94
6989 66
6990 18
6991 65
6992 19
6993 72
6994 15
6995 24
6996 51
6997 91
6998 18
6999 44
7000 85
7001 21
7002 63
7003 19
7004 72
7005 84
7006 86
7007 73
7008 4
7009 81
7010 10
7011 14
7012 10
7013 34
7014 21
7015 10
7016 31
7017 58
7018 28
7019 70
7020 73
7021 5
7022 17
7023 88
7024 61
7025 15
7026 81
7027 62
7028 20
7029 86
7030 16
7031 81
7032 99
7033 32
7034 52
7035 67
7036 4
7037 89
7038 3
7039 71
7040 53
7041 81
7042 10
7043 21
7044 84
7045 4
7046 74
7047 49
7048 10
7049 72
7050 56
7051 87
7052 74
7053 84
7054 65
7055 26
7056 58
7057 17
7058 47
7059 20
7060 25
7061 13
7062 17
7063 18
7064 68
7065 37
7066 92
7067 6
7068 37
7069 95
7070 13
7071 29
7072 57
7073 78
7074 61
7075 18
7076 48
7077 49
7078 19
7079 62
7080 71
7081 36
7082 51
7083 24
7084 71
7085 9
7086 4
7087 18
7088 85
7089 93
7090 5
7091 23
7092 45
7093 69
7094 29
7095 64
7096 99
7097 26
7098 87
7099 1
7100 40
7101 8
7102 34
7103 90
7104 68
7105 28
7106 28
7107 40
7108 25
7109 92
7110 49
7111 77
7112 19
7113 57
7114 30
7115 19
7116 91
7117 44
7118 24
7119 48
7120 14
7121 14
7122 86
7123 79
7124 93
7125 15
7126 40
7127 76
7128 74
7129 95
7130 24
7131 53
7132 36
7133 10
7134 51
7135 66
7136 95
7137 88
7138 22
7139 85
7140 44
7141 47
7142 83
7143 42
7144 78
7145 93
7146 37
7147 77
7148 66
7149 55
7150 61
7151 1
7152 85
7153 99
7154 31
7155 43
7156 17
7157 30
7158 67
7159 19
7160 94
7161 43
7162 10
7163 68
7164 57
7165 15
7166 34
7167 14
7168 88
7169 25
7170 93
7171 90
7172 57
7173 76
7174 34
7175 11
7176 34
7177 69
7178 80
7179 53
7180 2
7181 78
7182 26
7183 53
7184 15
7185 48
7186 99
7187 8
7188 35
7189 86
7190 44
7191 59
7192 26
7193 7
7194 28
7195 51
7196 35
7197 57
7198 70
7199 32
7200 58
7201 54
7202 40
7203 29
7204 84
7205 86
7206 7
7207 46
7208 9
7209 21
7210 13
7211 57
7212 82
7213 17
7214 50
7215 80
7216 17
7217 84
7218 93
7219 15
7220 86
7221 51
7222 25
7223 84
7224 95
7225 14
7226 24
7227 26
7228 7
7229 94
7230 30
7231 82
7232 13
7233 3
7234 60
7235 46
7236 78
7237 39
7238 12
7239 42
7240 56
7241 65
7242 26
7243 90
7244 84
7245 69
7246 63
7247 91
7248 58
7249 31
7250 15
7251 93
7252 11
7253 17
7254 15
7255 39
7256 85
7257 67
7258 15
7259 82
7260 57
7261 44
7262 53
7263 36
7264 20
7265 92
7266 4
7267 97
7268 20
7269 96
7270 13
7271 86
7272 76
7273 90
7274 71
7275 95
7276 35
7277 63
7278 94
7279 92
7280 32
7281 14
7282 43
7283 23
7284 56
7285 54
7286 26
7287 97
7288 77
7289 45
7290 24
7291 40
7292 74
7293 42
7294 63
7295 53
7296 1
7297 54
7298 76
7299 33
7300 30
7301 77
7302 93
7303 35
7304 68
7305 74
7306 7
7307 45
7308 84
7309 38
7310 94
7311 67
7312 63
7313 80
7314 34
7315 25
7316 7
7317 83
7318 62
7319 47
7320 4
7321 36
7322 38
7323 51
7324 37
7325 29
7326 1
7327 73
7328 40
7329 65
7330 45
7331 96
7332 19
7333 57
7334 50
7335 17
7336 94
7337 29
7338 74
7339 48
7340 94
7341 35
7342 87
7343 94
7344 32
7345 50
7346 53
7347 71
7348 36
7349 82
7350 21
7351 14
7352 35
7353 95
7354 98
7355 11
7356 29
7357 51
7358 93
7359 41
7360 25
7361 9
7362 86
7363 50
7364 46
7365 76
7366 18
7367 64
7368 81
7369 70
7370 86
7371 76
7372 76
7373 18
7374 44
7375 72
7376 27
7377 92
7378 27
7379 26
7380 91
7381 15
7382 28
7383 1
7384 81
7385 19
7386 0
7387 10
7388 72
7389 3
7390 33
7391 55
7392 14
7393 65
7394 45
7395 25
7396 19
7397 81
7398 3
7399 62
7400 37
7401 6
7402 58
7403 28
7404 28
7405 25
7406 88
7407 91
7408 20
7409 24
7410 20
7411 9
7412 93
7413 80
7414 94
7415 49
7416 33
7417 57
7418 36
7419 0
7420 86
7421 82
7422 98
7423 40
7424 22
7425 16
7426 31
7427 1
7428 8
7429 90
7430 62
7431 34
7432 95
7433 57
7434 48
7435 8
7436 13
7437 32
7438 12
7439 9
7440 72
7441 30
7442 40
7443 82
7444 69
7445 87
7446 92
7447 37
7448 12
7449 39
7450 52
7451 89
7452 77
7453 70
7454 89
7455 41
7456 34
7457 89
7458 33
7459 2
7460 84
7461 84
7462 88
7463 42
7464 88
7465 2
7466 34
7467 33
7468 59
7469 56
7470 34
7471 66
7472 55
7473 18
7474 65
7475 63
7476 7
7477 64
7478 68
7479 92
7480 60
7481 31
7482 29
7483 62
7484 49
7485 46
7486 84
7487 52
7488 47
7489 16
7490 57
7491 24
7492 95
7493 20
7494 36
7495 15
7496 43
7497 42
7498 7
7499 67
7500 78
7501 71
7502 70
7503 20
7504 5
7505 91
7506 98
7507 66
7508 33
7509 83
7510 69
7511 34
7512 43
7513 19
7514 98
7515 25
7516 37
7517 17
7518 36
7519 60
7520 33
7521 18
7522 96
7523 88
7524 51
7525 71
7526 62
7527 6
7528 98
7529 94
7530 94
7531 74
7532 20
7533 57
7534 36
7535 5
7536 3
7537 45
7538 41
7539 62
7540 20
7541 11
7542 2
7543 42
7544 84
7545 8
7546 72
7547 72
7548 70
7549 80
7550 80
7551 17
7552 28
7553 23
7554 15
7555 14
7556 44
7557 91
7558 93
7559 66
7560 51
7561 13
7562 6
7563 4
7564 42
7565 73
7566 69
7567 18
7568 68
7569 94
7570 5
7571 70
7572 16
7573 86
7574 14
7575 45
7576 25
7577 60
7578 2
7579 84
7580 59
7581 2
7582 71
7583 41
7584 45
7585 95
7586 74
7587 22
7588 89
7589 7
7590 23
7591 55
7592 32
7593 29
7594 11
7595 99
7596 6
7597 47
7598 84
7599 28
7600 93
7601 21
7602 32
7603 67
7604 97
7605 26
7606 98
7607 36
7608 3
7609 43
7610 69
7611 48
7612 2
7613 30
7614 48
7615 38
7616 17
7617 3
7618 62
7619 57
7620 94
7621 31
7622 28
7623 65
7624 91
7625 20
7626 25
7627 26
7628 9
7629 2
7630 41
7631 12
7632 90
7633 50
7634 51
7635 29
7636 48
7637 49
7638 26
7639 20
7640 66
7641 16
7642 85
7643 99
7644 28
7645 25
7646 20
7647 46
7648 55
7649 2
7650 69
7651 43
7652 48
7653 1
7654 13
7655 75
7656 27
7657 3
7658 43
7659 29
7660 25
7661 3
7662 52
7663 15
7664 69
7665 47
7666 58
7667 96
7668 69
7669 29
7670 5
7671 73
7672 98
7673 35
7674 35
7675 89
7676 49
7677 21
7678 82
7679 12
7680 44
7681 50
7682 71
7683 55
7684 45
7685 48
7686 80
7687 34
7688 29
7689 52
7690 78
7691 20
7692 79
7693 25
7694 1
7695 36
7696 40
7697 45
7698 15
7699 55
7700 4
7701 75
7702 54
7703 40
7704 84
7705 78
7706 31
7707 88
7708 56
7709 8
7710 47
7711 90
7712 52
7713 41
7714 48
7715 22
7716 17
7717 82
7718 22
7719 60
7720 45
7721 42
7722 38
7723 79
7724 51
7725 49
7726 99
7727 36
7728 41
7729 89
7730 80
7731 58
7732 95
7733 28
7734 18
7735 47
7736 88
7737 6
7738 0
7739 95
7740 21
7741 42
7742 13
7743 58
7744 71
7745 66
7746 26
7747 53
7748 10
7749 10
7750 41
7751 72
7752 83
7753 16
7754 21
7755 88
7756 94
7757 88
7758 53
7759 77
7760 85
7761 16
7762 63
7763 59
7764 62
7765 95
7766 94
7767 43
7768 63
7769 44
7770 90
7771 90
7772 40
7773 77
7774 51
7775 75
7776 83
7777 7
7778 41
7779 88
7780 71
7781 75
7782 92
7783 44
7784 23
7785 77
7786 36
7787 89
7788 83
7789 27
7790 72
7791 78
7792 42
7793 51
7794 99
7795 77
7796 10
7797 98
7798 87
7799 70
7800 82
7801 80
7802 10
7803 98
7804 88
7805 23
7806 12
7807 43
7808 44
7809 38
7810 31
7811 72
7812 67
7813 22
7814 53
7815 82
7816 73
7817 10
7818 53
7819 66
7820 92
7821 99
7822 89
7823 3
7824 37
7825 31
7826 57
7827 84
7828 53
7829 49
7830 95
7831 50
7832 0
7833 5
7834 83
7835 87
7836 11
7837 32
7838 73
7839 16
7840 5
7841 72
7842 49
7843 58
7844 28
7845 84
7846 18
7847 28
7848 28
7849 22
7850 71
7851 52
7852 90
7853 78
7854 12
7855 72
7856 78
7857 57
7858 62
7859 19
7860 78
7861 59
7862 14
7863 6
7864 32
7865 58
7866 34
7867 89
7868 31
7869 8
7870 92
7871 12
7872 45
7873 16
7874 10
7875 32
7876 13
7877 2
7878 16
7879 94
7880 76
7881 10
7882 18
7883 60
7884 64
7885 1
7886 97
7887 93
7888 8
7889 64
7890 55
7891 29
7892 16
7893 60
7894 66
7895 97
7896 64
7897 17
7898 0
7899 39
7900 89
7901 34
7902 0
7903 69
7904 40
7905 60
7906 47
7907 63
7908 3
7909 63
7910 53
7911 8
7912 11
7913 54
7914 74
7915 42
7916 69
7917 18
7918 53
7919 24
7920 82
7921 27
7922 64
7923 25
7924 50
7925 58
7926 60
7927 93
7928 86
7929 98
7930 63
7931 49
7932 98
7933 40
7934 12
7935 14
7936 48
7937 91
7938 11
7939 82
7940 18
7941 64
7942 85
7943 0
7944 81
7945 39
7946 13
7947 70
7948 3
7949 56
7950 60
7951 60
7952 67
7953 78
7954 15
7955 80
7956 47
7957 13
7958 72
7959 59
7960 47
7961 85
7962 10
7963 4
7964 36
7965 78
7966 65
7967 60
7968 27
7969 26
7970 83
7971 78
7972 58
7973 3
7974 9
7975 2
7976 58
7977 92
7978 79
7979 44
7980 0
7981 20
7982 28
7983 41
7984 68
7985 59
7986 53
7987 34
7988 10
7989 40
7990 48
7991 75
7992 42
7993 91
7994 16
7995 75
7996 53
7997 36
7998 80
7999 33
8000 70
8001 75
8002 12
8003 28
8004 74
8005 93
8006 81
8007 78
8008 36
8009 53
8010 84
8011 21
8012 59
8013 15
8014 63
8015 87
8016 86
8017 96
8018 0
8019 38
8020 60
8021 35
8022 41
8023 80
8024 16
8025 35
8026 56
8027 73
8028 9
8029 71
8030 51
8031 13
8032 74
8033 31
8034 85
8035 48
8036 57
8037 3
8038 63
8039 79
8040 46
8041 70
8042 24
8043 77
8044 91
8045 88
8046 72
8047 61
8048 84
8049 0
8050 30
8051 15
8052 36
8053 31
8054 63
8055 32
8056 0
8057 46
8058 40
8059 8
8060 34
8061 65
8062 57
8063 15
8064 25
8065 77
8066 17
8067 64
8068 55
8069 21
8070 88
8071 21
8072 6
8073 14
8074 35
8075 86
8076 92
8077 4
8078 90
8079 49
8080 99
8081 88
8082 76
8083 46
8084 32
8085 73
8086 69
8087 4
8088 67
8089 96
8090 68
8091 93
8092 14
8093 12
8094 97
8095 78
8096 14
8097 26
8098 65
8099 19
8100 19
8101 49
8102 57
8103 90
8104 92
8105 22
8106 54
8107 28
8108 41
8109 38
8110 24
8111 76
8112 62
8113 32
8114 54
8115 91
8116 45
8117 18
8118 60
8119 1
8120 16
8121 57
8122 18
8123 60
8124 2
8125 25
8126 57
8127 95
8128 77
8129 82
8130 68
8131 94
8132 64
8133 11
8134 57
8135 67
8136 28
8137 69
8138 27
8139 21
8140 26
8141 99
8142 34
8143 40
8144 53
8145 40
8146 21
8147 17
8148 61
8149 69
8150 19
8151 98
8152 79
8153 78
8154 56
8155 1
8156 56
8157 69
8158 96
8159 57
8160 56
8161 26
8162 16
8163 63
8164 69
8165 98
8166 4
8167 89
8168 11
8169 55
8170 24
8171 77
8172 87
8173 74
8174 30
8175 69
8176 76
8177 45
8178 46
8179 72
8180 53
8181 20
8182 63
8183 11
8184 56
8185 93
8186 67
8187 45
8188 96
8189 23
8190 55
8191 26
8192 91
8193 29
8194 40
8195 66
8196 89
8197 30
8198 13
8199 23
8200 57
8201 29
8202 86
8203 88
8204 98
8205 1
8206 97
8207 9
8208 62
8209 39
8210 23
8211 63
8212 17
8213 41
8214 27
8215 83
8216 68
8217 49
8218 20
8219 46
8220 96
8221 60
8222 2
8223 36
8224 36
8225 88
8226 24
8227 9
8228 97
8229 48
8230 89
8231 71
8232 66
8233 28
8234 2
8235 26
8236 58
8237 67
8238 47
8239 33
8240 93
8241 16
8242 90
8243 79
8244 24
8245 73
8246 69
8247 7
8248 46
8249 65
8250 45
8251 6
8252 87
8253 55
8254 86
8255 9
8256 92
8257 89
8258 50
8259 96
8260 55
8261 29
8262 52
8263 98
8264 25
8265 48
8266 1
8267 84
8268 18
8269 22
8270 92
8271 79
8272 58
8273 49
8274 88
8275 22
8276 98
8277 62
8278 2
8279 62
8280 35
8281 12
8282 51
8283 20
8284 2
8285 25
8286 32
8287 10
8288 76
8289 91
8290 62
8291 70
8292 4
8293 22
8294 74
8295 90
8296 21
8297 34
8298 76
8299 25
8300 29
8301 33
8302 46
8303 6
8304 25
8305 89
8306 37
8307 76
8308 24
8309 5
8310 52
8311 82
8312 28
8313 14
8314 52
8315 43
8316 29
8317 79
8318 50
8319 15
8320 10
8321 43
8322 57
8323 99
8324 79
8325 20
8326 52
8327 27
8328 93
8329 99
8330 30
8331 71
8332 15
8333 53
8334 48
8335 82
8336 46
8337 88
8338 39
8339 89
8340 78
8341 34
8342 35
8343 48
8344 24
8345 86
8346 34
8347 86
8348 3
8349 10
8350 71
8351 13
8352 33
8353 14
8354 1
8355 69
8356 57
8357 43
8358 99
8359 93
8360 96
8361 71
8362 50
8363 4
8364 73
8365 14
8366 15
8367 94
8368 83
8369 50
8370 8
8371 93
8372 77
8373 14
8374 68
8375 2
8376 12
8377 83
8378 33
8379 39
8380 14
8381 97
8382 14
8383 22
8384 41
8385 61
8386 67
8387 16
8388 20
8389 58
8390 66
8391 1
8392 2
8393 54
8394 1
8395 3
8396 96
8397 52
8398 13
8399 83
8400 58
8401 6
8402 22
8403 39
8404 64
8405 72
8406 96
8407 91
8408 77
8409 83
8410 50
8411 8
8412 42
8413 43
8414 70
8415 45
8416 52
8417 13
8418 6
8419 71
8420 48
8421 14
8422 86
8423 49
8424 17
8425 27
8426 53
8427 99
8428 19
8429 51
8430 62
8431 3
8432 30
8433 10
8434 0
8435 60
8436 12
8437 48
8438 53
8439 32
8440 31
8441 94
8442 83
8443 92
8444 22
8445 31
8446 17
8447 36
8448 94
8449 80
8450 34
8451 42
8452 36
8453 13
8454 36
8455 97
8456 29
8457 60
8458 20
8459 55
8460 95
8461 14
8462 56
8463 10
8464 1
8465 66
8466 7
8467 61
8468 50
8469 75
8470 39
8471 7
8472 78
8473 84
8474 83
8475 74
8476 27
8477 11
8478 55
8479 1
8480 21
8481 98
8482 47
8483 9
8484 39
8485 95
8486 42
8487 73
8488 75
8489 56
8490 40
8491 77
8492 95
8493 64
8494 18
8495 66
8496 36
8497 77
8498 83
8499 31
8500 22
8501 80
8502 31
8503 72
8504 90
8505 34
8506 47
8507 41
8508 80
8509 4
8510 72
8511 21
8512 48
8513 81
8514 65
8515 54
8516 34
8517 54
8518 88
8519 1
8520 38
8521 20
8522 67
8523 47
8524 28
8525 56
8526 71
8527 81
8528 19
8529 19
8530 93
8531 81
8532 65
8533 10
8534 8
8535 7
8536 17
8537 21
8538 18
8539 30
8540 89
8541 40
8542 27
8543 98
8544 21
8545 14
8546 95
8547 10
8548 18
8549 81
8550 65
8551 56
8552 71
8553 52
8554 95
8555 73
8556 92
8557 32
8558 40
8559 68
8560 28
8561 39
8562 9
8563 11
8564 15
8565 89
8566 14
8567 77
8568 23
8569 24
8570 27
8571 94
8572 9
8573 15
8574 67
8575 30
8576 3
8577 66
8578 22
8579 38
8580 23
8581 24
8582 39
8583 42
8584 35
8585 67
8586 5
8587 78
8588 47
8589 88
8590 79
8591 33
8592 37
8593 83
8594 10
8595 94
8596 33
8597 89
8598 34
8599 25
8600 37
8601 52
8602 47
8603 3
8604 29
8605 73
8606 64
8607 5
8608 85
8609 20
8610 28
8611 28
8612 56
8613 81
8614 42
8615 95
8616 76
8617 35
8618 35
8619 7
8620 11
8621 70
8622 17
8623 80
8624 44
8625 40
8626 12
8627 91
8628 66
8629 38
8630 7
8631 89
8632 43
8633 2
8634 82
8635 56
8636 80
8637 17
8638 73
8639 29
8640 33
8641 41
8642 27
8643 22
8644 70
8645 16
8646 97
8647 16
8648 18
8649 48
8650 80
8651 52
8652 89
8653 97
8654 34
8655 51
8656 20
8657 22
8658 21
8659 90
8660 21
8661 44
8662 47
8663 43
8664 86
8665 40
8666 73
8667 33
8668 76
8669 45
8670 27
8671 69
8672 45
8673 61
8674 35
8675 69
8676 54
8677 96
8678 56
8679 18
8680 82
8681 20
8682 11
8683 20
8684 17
8685 7
8686 66
8687 82
8688 88
8689 58
8690 11
8691 69
8692 72
8693 49
8694 10
8695 65
8696 0
8697 2
8698 33
8699 59
8700 68
8701 1
8702 43
8703 28
8704 42
8705 89
8706 60
8707 97
8708 51
8709 58
8710 70
8711 15
8712 33
8713 97
8714 25
8715 5
8716 36
8717 25
8718 23
8719 94
8720 24
8721 23
8722 28
8723 83
8724 92
8725 8
8726 69
8727 24
8728 74
8729 32
8730 10
8731 0
8732 38
8733 66
8734 64
8735 43
8736 87
8737 52
8738 18
8739 19
8740 0
8741 97
8742 86
8743 14
8744 52
8745 4
8746 15
8747 0
8748 93
8749 63
8750 43
8751 94
8752 82
8753 84
8754 16
8755 79
8756 4
8757 86
8758 23
8759 3
8760 29
8761 29
8762 66
8763 86
8764 3
8765 64
8766 17
8767 7
8768 15
8769 51
8770 71
8771 51
8772 4
8773 83
8774 62
8775 56
8776 27
8777 14
8778 65
8779 31
8780 62
8781 40
8782 69
8783 23
8784 49
8785 76
8786 73
8787 36
8788 63
8789 93
8790 26
8791 35
8792 26
8793 35
8794 90
8795 52
8796 55
8797 96
8798 7
8799 17
8800 6
8801 54
8802 96
8803 73
8804 22
8805 1
8806 14
8807 61
8808 79
8809 38
8810 77
8811 10
8812 93
8813 29
8814 43
8815 3
8816 18
8817 0
8818 28
8819 25
8820 61
8821 29
8822 46
8823 74
8824 4
8825 37
8826 32
8827 6
8828 23
8829 97
8830 23
8831 46
8832 69
8833 3
8834 73
8835 94
8836 84
8837 14
8838 82
8839 11
8840 1
8841 46
8842 15
8843 17
8844 87
8845 25
8846 38
8847 33
8848 92
8849 49
8850 43
8851 97
8852 54
8853 67
8854 45
8855 81
8856 32
8857 98
8858 62
8859 30
8860 54
8861 23
8862 82
8863 44
8864 58
8865 53
8866 5
8867 63
8868 38
8869 54
8870 25
8871 53
8872 33
8873 7
8874 77
8875 13
8876 94
8877 45
8878 1
8879 91
8880 12
8881 56
8882 43
8883 1
8884 20
8885 53
8886 85
8887 46
8888 95
8889 12
8890 55
8891 94
8892 30
8893 56
8894 84
8895 53
8896 10
8897 34
8898 54
8899 87
8900 14
8901 38
8902 42
8903 30
8904 59
8905 61
8906 90
8907 66
8908 34
8909 46
8910 37
8911 75
8912 3
8913 69
8914 69
8915 18
8916 40
8917 34
8918 60
8919 27
8920 1
8921 86
8922 0
8923 2
8924 99
8925 42
8926 8
8927 67
8928 12
8929 37
8930 8
8931 87
8932 14
8933 5
8934 12
8935 30
8936 21
8937 9
8938 38
8939 8
8940 51
8941 76
8942 99
8943 63
8944 58
8945 50
8946 55
8947 26
8948 96
8949 9
8950 53
8951 15
8952 15
8953 44
8954 33
8955 65
8956 41
8957 46
8958 17
8959 91
8960 85
8961 25
8962 74
8963 70
8964 37
8965 84
8966 66
8967 72
8968 68
8969 31
8970 3
8971 23
8972 79
8973 38
8974 21
8975 92
8976 33
8977 0
8978 34
8979 88
8980 8
8981 9
8982 15
8983 30
8984 16
8985 59
8986 0
8987 88
8988 48
8989 36
8990 2
8991 49
8992 4
8993 73
8994 90
8995 34
8996 13
8997 84
8998 77
8999 4
9000 31
9001 31
9002 38
9003 49
9004 49
9005 92
9006 65
9007 76
9008 79
9009 5
9010 61
9011 67
9012 86
9013 97
9014 75
9015 32
9016 80
9017 9
9018 39
9019 99
9020 40
9021 93
9022 40
9023 5
9024 33
9025 27
9026 69
9027 90
9028 75
9029 5
9030 86
9031 35
9032 8
9033 5
9034 67
9035 10
9036 4
9037 76
9038 95
9039 38
9040 91
9041 17
9042 74
9043 61
9044 9
9045 98
9046 67
9047 67
9048 87
9049 54
9050 89
9051 87
9052 0
9053 46
9054 83
9055 4
9056 91
9057 90
9058 65
9059 16
9060 50
9061 83
9062 37
9063 89
9064 94
9065 30
9066 6
9067 78
9068 55
9069 47
9070 80
9071 68
9072 84
9073 46
9074 63
9075 71
9076 30
9077 49
9078 89
9079 31
9080 56
9081 46
9082 27
9083 73
9084 34
9085 28
9086 71
9087 53
9088 41
9089 37
9090 60
9091 31
9092 76
9093 51
9094 53
9095 81
9096 22
9097 89
9098 7
9099 49
9100 51
9101 59
9102 17
9103 13
9104 97
9105 90
9106 80
9107 83
9108 8
9109 77
9110 86
9111 61
9112 1
9113 56
9114 24
9115 7
9116 57
9117 59
9118 70
9119 16
9120 3
9121 51
9122 82
9123 95
9124 44
9125 32
9126 24
9127 27
9128 33
9129 9
9130 31
9131 55
9132 75
9133 55
9134 80
9135 83
9136 17
9137 81
9138 67
9139 90
9140 61
9141 4
9142 52
9143 56
9144 16
9145 34
9146 34
9147 84
9148 5
9149 59
9150 34
9151 34
9152 95
9153 81
9154 47
9155 38
9156 68
9157 52
9158 33
9159 66
9160 73
9161 29
9162 50
9163 92
9164 74
9165 87
9166 99
9167 89
9168 32
9169 60
9170 5
9171 21
9172 43
9173 70
9174 64
9175 12
9176 80
9177 84
9178 98
9179 93
9180 69
9181 79
9182 93
9183 77
9184 96
9185 34
9186 22
9187 9
9188 73
9189 79
9190 91
9191 19
9192 15
9193 95
9194 62
9195 81
9196 2
9197 68
9198 56
9199 2
9200 10
9201 76
9202 95
9203 12
9204 56
9205 88
9206 40
9207 94
9208 91
9209 73
9210 84
9211 81
9212 60
9213 57
9214 62
9215 14
9216 35
9217 85
9218 18
9219 50
9220 16
9221 91
9222 15
9223 67
9224 99
9225 79
9226 41
9227 47
9228 96
9229 36
9230 14
9231 38
9232 96
9233 13
9234 61
9235 89
9236 72
9237 24
9238 15
9239 22
9240 28
9241 62
9242 42
9243 53
9244 92
9245 7
9246 87
9247 10
9248 6
9249 12
9250 5
9251 1
9252 25
9253 64
9254 13
9255 52
9256 8
9257 20
9258 10
9259 29
9260 73
9261 56
9262 63
9263 69
9264 41
9265 36
9266 79
9267 86
9268 94
9269 92
9270 53
9271 95
9272 25
9273 59
9274 90
9275 89
9276 91
9277 26
9278 99
9279 53
9280 6
9281 61
9282 53
9283 23
9284 71
9285 87
9286 11
9287 10
9288 59
9289 90
9290 36
9291 9
9292 55
9293 39
9294 97
9295 59
9296 55
9297 66
9298 29
9299 80
9300 30
9301 90
9302 76
9303 25
9304 90
9305 3
9306 26
9307 89
9308 37
9309 23
9310 6
9311 98
9312 1
9313 29
9314 94
9315 50
9316 53
9317 2
9318 91
9319 24
9320 29
9321 93
9322 54
9323 72
9324 19
9325 85
9326 17
9327 22
9328 82
9329 81
9330 71
9331 55
9332 4
9333 48
9334 19
9335 9
9336 27
9337 65
9338 57
9339 44
9340 21
9341 85
9342 4
9343 40
9344 14
9345 79
9346 21
9347 64
9348 24
9349 70
9350 63
9351 0
9352 94
9353 79
9354 12
9355 87
9356 66
9357 62
9358 49
9359 8
9360 1
9361 37
9362 55
9363 90
9364 81
9365 3
9366 13
9367 15
9368 2
9369 83
9370 66
9371 25
9372 30
9373 57
9374 15
9375 13
9376 36
9377 75
9378 95
9379 97
9380 27
9381 60
9382 56
9383 77
9384 2
9385 87
9386 44
9387 12
9388 23
9389 93
9390 2
9391 17
9392 54
9393 24
9394 41
9395 76
9396 23
9397 8
9398 93
9399 6
9400 22
9401 16
9402 87
9403 13
9404 61
9405 49
9406 52
9407 12
9408 74
9409 47
9410 91
9411 54
9412 63
9413 62
9414 40
9415 48
9416 73
9417 14
9418 66
9419 32
9420 65
9421 85
9422 38
9423 26
9424 99
9425 30
9426 60
9427 50
9428 69
9429 54
9430 26
9431 74
9432 44
9433 22
9434 24
9435 33
9436 55
9437 73
9438 1
9439 41
9440 4
9441 72
9442 61
9443 70
9444 86
9445 32
9446 69
9447 22
9448 10
9449 8
9450 0
9451 7
9452 67
9453 71
9454 73
9455 60
9456 82
9457 51
9458 84
9459 59
9460 43
9461 26
9462 67
9463 12
9464 9
9465 69
9466 79
9467 29
9468 62
9469 1
9470 40
9471 88
9472 70
9473 92
9474 28
9475 78
9476 19
9477 51
9478 48
9479 98
9480 52
9481 87
9482 19
9483 64
9484 70
9485 79
9486 4
9487 66
9488 44
9489 8
9490 38
9491 50
9492 77
9493 75
9494 45
9495 0
9496 97
9497 60
9498 13
9499 60
9500 19
9501 45
9502 73
9503 16
9504 91
9505 45
9506 97
9507 18
9508 96
9509 20
9510 29
9511 69
9512 43
9513 80
9514 21
9515 97
9516 89
9517 37
9518 57
9519 33
9520 44
9521 99
9522 20
9523 83
9524 72
9525 29
9526 65
9527 29
9528 11
9529 92
9530 34
9531 16
9532 69
9533 73
9534 91
9535 95
9536 3
9537 33
9538 1
9539 54
9540 26
9541 71
9542 28
9543 55
9544 25
9545 96
9546 22
9547 3
9548 29
9549 82
9550 62
9551 21
9552 12
9553 73
9554 62
9555 70
9556 73
9557 12
9558 41
9559 35
9560 88
9561 35
9562 1
9563 62
9564 94
9565 34
9566 65
9567 43
9568 26
9569 3
9570 62
9571 35
9572 95
9573 12
9574 71
9575 53
9576 61
9577 19
9578 83
9579 36
9580 37
9581 19
9582 57
9583 24
9584 28
9585 31
9586 1
9587 35
9588 79
9589 2
9590 52
9591 70
9592 28
9593 39
9594 60
9595 15
9596 74
9597 26
9598 52
9599 99
9600 46
9601 63
9602 85
9603 61
9604 70
9605 84
9606 62
9607 18
9608 76
9609 22
9610 55
9611 94
9612 75
9613 80
9614 6
9615 54
9616 17
9617 46
9618 87
9619 8
9620 69
9621 5
9622 24
9623 92
9624 52
9625 64
9626 9
9627 27
9628 77
9629 69
9630 40
9631 26
9632 38
9633 17
9634 71
9635 91
9636 53
9637 59
9638 74
9639 65
9640 36
9641 14
9642 48
9643 19
9644 18
9645 30
9646 57
9647 52
9648 82
9649 18
9650 9
9651 32
9652 55
9653 61
9654 36
9655 83
9656 90
9657 33
9658 72
9659 16
9660 67
9661 25
9662 2
9663 28
9664 97
9665 27
9666 61
9667 64
9668 43
9669 51
9670 73
9671 1
9672 33
9673 5
9674 32
9675 37
9676 79
9677 82
9678 10
9679 24
9680 56
9681 43
9682 50
9683 7
9684 69
9685 68
9686 50
9687 88
9688 81
9689 18
9690 20
9691 3
9692 42
9693 23
9694 92
9695 1
9696 8
9697 98
9698 99
9699 56
9700 25
9701 55
9702 60
9703 76
9704 14
9705 1
9706 58
9707 8
9708 55
9709 47
9710 22
9711 98
9712 72
9713 16
9714 64
9715 50
9716 59
9717 35
9718 70
9719 82
9720 12
9721 39
9722 97
9723 85
9724 93
9725 20
9726 53
9727 5
9728 32
9729 95
9730 25
9731 48
9732 96
9733 15
9734 35
9735 65
9736 20
9737 24
9738 4
9739 14
9740 3
9741 3
9742 31
9743 14
9744 72
9745 53
9746 78
9747 84
9748 26
9749 62
9750 20
9751 64
9752 75
9753 1
9754 81
9755 29
9756 92
9757 89
9758 53
9759 60
9760 20
9761 75
9762 86
9763 33
9764 99
9765 12
9766 98
9767 69
9768 63
9769 48
9770 49
9771 63
9772 38
9773 91
9774 4
9775 31
9776 28
9777 41
9778 24
9779 53
9780 75
9781 41
9782 55
9783 71
9784 47
9785 45
9786 73
9787 91
9788 1
9789 22
9790 52
9791 73
9792 56
9793 50
9794 84
9795 40
9796 94
9797 78
9798 65
9799 47
9800 14
9801 76
9802 64
9803 20
9804 54
9805 37
9806 15
9807 63
9808 0
9809 15
9810 87
9811 57
9812 95
9813 81
9814 86
9815 21
9816 0
9817 30
9818 2
9819 62
9820 11
9821 65
9822 88
9823 80
9824 17
9825 73
9826 37
9827 83
9828 52
9829 40
9830 11
9831 66
9832 30
9833 26
9834 44
9835 68
9836 77
9837 99
9838 44
9839 38
9840 4
9841 53
9842 89
9843 21
9844 65
9845 64
9846 44
9847 78
9848 35
9849 39
9850 61
9851 36
9852 99
9853 80
9854 88
9855 24
9856 63
9857 55
9858 68
9859 40
9860 67
9861 80
9862 38
9863 85
9864 94
9865 52
9866 47
9867 86
9868 35
9869 37
9870 99
9871 88
9872 22
9873 1
9874 87
9875 76
9876 83
9877 21
9878 53
9879 44
9880 38
9881 9
9882 65
9883 5
9884 20
9885 25
9886 7
9887 50
9888 52
9889 92
9890 25
9891 53
9892 5
9893 28
9894 73
9895 55
9896 89
9897 90
9898 66
9899 59
9900 58
9901 10
9902 72
9903 52
9904 25
9905 27
9906 5
9907 78
9908 22
9909 35
9910 45
9911 76
9912 62
9913 88
9914 38
9915 81
9916 9
9917 63
9918 92
9919 28
9920 79
9921 39
9922 22
9923 51
9924 64
9925 75
9926 82
9927 50
9928 94
9929 18
9930 33
9931 11
9932 1
9933 96
9934 10
9935 18
9936 23
9937 90
9938 85
9939 45
9940 6
9941 66
9942 83
9943 29
9944 40
9945 12
9946 22
9947 35
9948 28
9949 0
9950 64
9951 2
9952 41
9953 84
9954 0
9955 6
9956 74
9957 15
9958 17
9959 20
9960 99
9961 58
9962 32
9963 57
9964 92
9965 38
9966 17
9967 79
9968 46
9969 40
9970 66
9971 20
9972 21
9973 7
9974 24
9975 19
9976 10
9977 16
9978 8
9979 73
9980 17
9981 36
9982 39
9983 60
9984 25
9985 72
9986 20
9987 4
9988 6
9989 10
9990 84
9991 70
9992 59
9993 88
9994 53
9995 90
9996 8
9997 19
9998 76
9999 18
10000 40